0.006707002609329562
0.0068424466952952
0.006980625042201226
0.007121592808646377
0.0072654062643615555
0.0074121228125279305
0.00756180101254076
0.0077145006032275434
0.007870282526529663
0.008029208951656418
0.008191343299721009
0.008356750268867688
0.008525495859900015
0.008697647402419793
0.008873273581487005
0.0090524444648107
0.009235231530481508
0.009421707695256182
0.009611947343405218
0.009806026356134331
0.010004022141591287
0.01020601366546929
0.010412081482218852
0.010622307766879729
0.010836776347545393
0.01105557273847199
0.01127878417384474
0.011506499642214266
0.011738809921616055
0.01197580761538636
0.01221758718868802
0.012464245005759983
0.012715879367904566
0.012972590552226904
0.013234480851140889
0.013501654612656762
0.013774218281465122
0.014052280440833112
0.014335951855328082
0.014625345514385065
0.01492057667673394
0.015221762915703211
0.015529024165416867
0.015842482767901893
0.016162263521123436
0.016488493727965906
0.016821303246177616
0.017160824539297844
0.01750719272858475
0.017860545645963316
0.01822102388801291
0.018588770871014033
0.01896393288707451
0.019346659161355466
0.01973710191041816
0.020135416401712736
0.020541761014230414
0.020956297300341147
0.021379190048839286
0.02181060734921945
0.02225072065720643
0.022699704861561858
0.023157738352192318
0.023625003089582527
0.024101684675578956
0.0245879724255484
0.02508405944193776
0.025590142689260267
0.026106423070535442
0.026633105505208757
0.027170399008579184
0.0277185167727616
0.028277676249212968
0.02884809923285041
0.029430011947790553
0.030023645134739832
0.030629234140065697
0.03124701900657923
0.031877244566060205
0.03252016053355632
0.033176021603488426
0.03384508754759416
0.03452762331474306
0.035223899132656944
0.03593419061156888
0.036658778849856105
0.037397950541680984
0.03815199808667646
0.03892121970171116
0.03970591953477161
0.040506407780997636
0.041323000800909684
0.04215602124086503
0.04300579815578266
0.04387266713417492
0.04475697042552667
0.04565905707006123
0.04657928303093478
0.04751801132889973
0.048475612179479266
0.04945246313269549
0.05044894921539388
0.05146546307620737
0.052502405133203915
0.05356018372426234
0.05463921526022118
0.05573992438084562
0.0568627441136588
0.058008116035684
0.05917649043814456
0.0603683264941685
0.06158409242954601
0.06282426569658855
0.06408933315113755
0.06537979123277234
0.06669614614826688
0.06803891405834528
0.06940862126778662
0.07080580441893007
0.07223101068863096
0.07368479798871978
0.075167735170016
0.07668040222994887
0.07822339052383738
0.07979730297988208
0.08140275431792254
0.08304037127201286
0.08471079281686848
0.0864146703982384
0.08815266816725616
0.08992546321882357
0.0917337458340804
0.09357821972701412
0.09545960229526401
0.09737862487517282
0.09933603300113922
0.10133258666932518
0.10336906060577133
0.10544624453897349
0.10756494347697208
0.10972597798900809
0.11193018449179605
0.11417841554046687
0.11647154012423029
0.1188104439668074
0.12119602983168233
0.12362921783222287
0.12611094574671716
0.1286421693383727
0.13122386268032457
0.13385701848569712
0.1365426484427632
0.1392817835552418
0.14207547448777566
0.14492479191662858
0.14783082688563942
0.15079469116746785
0.15381751763016674
0.15690046060911267
0.1600446962843248
0.16325142306319793
0.1665218619686758
0.16985725703288707
0.17325887569626325
0.17672800921215429
0.18026597305695646
0.1838741073457619
0.18755377725353709
0.19130637344183332
0.1951333124910271
0.1990360373380865
0.20301601771985442
0.20707475062183484
0.21121376073246242
0.21543460090283248
0.2197388526118636
0.2241281264368573
0.22860406252941445
0.23316833109666216
0.23782263288773983
0.24256869968548472
0.24740829480324855
0.25234321358677403
0.25737528392105014
0.26250636674205596
0.2677383565532956
0.27307318194701796
0.2785128061300079
0.2840592274538225
0.2897144799493376
0.2954806338654611
0.30135979621185643
0.307354111305511
0.31346576132097115
0.3196969668440517
0.3260499874288189
0.33252712215763247
0.3391307102040153
0.3458631313981085
0.3527268067944537
0.3597241992418312
0.3668578139548656
0.37413019908709205
0.38154394630516303
0.3891016913638607
0.39680611468154997
0.40465994191570803
0.4126659445381238
0.4208269404093656
0.42914579435207023
0.43762541872260957
0.4462687739806446
0.45507886925607993
0.4640587629128815
0.47321156310922424
0.48254042835338395
0.4920485680547889
0.5017392430695963
0.5116157662401539
0.5216815029276587
0.5319398715373173
0.5423943440352608
0.5530484464564629
0.5639057594028514
0.5749699185307997
0.5862446150271264
0.5977335960727245
0.6094406652928832
0.621369683193348
0.633524567581128
0.64590929396901
0.6585278959627251
0.6713844656296502
0.6844831538479177
0.6978281706347365
0.7114237854527236
0.7252743274929666
0.7393841859335409
0.7537578101721183
0.7683997100313078
0.783314455935287
0.798506679056276
0.8139810714293297
0.8297423860339171
0.8457954368406757
0.8621450988217227
0.8787963079228266
0.8957540609957352
0.9130234156888746
0.9306094902946298
0.9485174635513356
0.9667525743981038
0.9853201216805331
1.00422546380533
1.0234740183418332
1.0430712615683544
1.0630227279612745
1.083334009624721
1.104010755658686
1.125058671463347
1.1464835179773751
1.1682911108479246
1.1904873195300303
1.2130780663130425
1.236069325271772
1.2594671211399295
1.2832775281034792
1.3075066685114525
1.3321607115018137
1.3572458715398898
1.3827684068669368
1.4087346178563414
1.4351508452750272
1.462023468447564
1.4893589033205619
1.517163600424871
1.545444042733197
1.5742067434107048
1.6034582434562459
1.6332051092318933
1.663453929878447
1.694211314614716
1.7254838899183333
1.7572782965860252
1.7896011866712283
1.822459220297123
1.8558590623431397
1.8898073790031864
1.9243108342138566
1.9593760859510791
1.9950097823937027
2.0312185579527338
2.0680090291649913
2.1053877904501963
2.1433614097305633
2.18193642391226
2.221119334228151
2.2609166014415805
2.301334640910996
2.3423798175156114
2.384058440442351
2.426376757834736
2.46934095130448
2.5129571303069125
2.557231326381627
2.6021694872599563
2.6477774708413078
2.6940610390405615
2.7410258515091934
2.788677459233001
2.8370212980097564
2.886062681810374
2.9358067960276477
2.9862586906168747
3.0374232731331863
3.0893053016706937
3.1419093777090557
3.1952399388733808
3.2493012516139226
3.304097403812292
3.3596322973215114
3.415909640447489
3.4729329403801015
3.5307054955823345
3.5892303881465373
3.648510476127127
3.7085483858596437
3.7693465042763887
3.830906971229349
3.8932316718315585
3.9563222288283635
4.020179995010587
4.084806045681835
4.1502011711927125
4.2163658695549415
4.283300339148829
4.351004471537749
4.419477844403757
4.48871971461853
4.558729011464327
4.629504330019646
4.701043924724707
4.773345703141791
4.846407219925903
4.920225671021038
4.994797888097649
5.070120333246757
5.146189093946286
5.2229998783150196
5.300548010669625
5.378828427399902
5.457835673177407
5.537563897512204
5.6180068516723205
5.699157885980205
5.781009947499919
5.863555578128649
5.946786913105369
6.030695679949225
6.115273197839389
6.200510377447752
6.2863977212349225
6.37292532421949
6.4600828752295385
6.547859658644792
6.636244556636677
6.725226051912949
6.814792230972291
6.904930787873616
6.995629028523458
7.086873875484093
7.178651873303659
7.270949194368675
7.363751645277966
7.457044673736091
7.550813375962909
7.645042504615017
7.739716477213291
7.834819385069709
7.9303350027054735
8.026246797750959
8.122537941317146
8.219191318826697
8.316189541291854
8.41351495702501
8.51114966376682
8.60907552121542
8.707274163939417
8.805727014656139
8.904415297855707
9.003320053750441
9.102422152528401
9.201702308888684
9.301141096835712
9.400718964708565
9.500416250421202
9.600213196888365
9.7000899676118
9.800026662400692
9.900003333200008
10.0
10.099996666799992
10.199973337599305
10.299910032388203
10.399786803111637
10.499583749578798
10.59928103529143
10.698858903164291
10.798297691111314
10.8975778474716
10.996679946249555
11.095584702144299
11.19427298534386
11.292725836060582
11.390924478784576
11.488850336233183
11.58648504297499
11.683810458708146
11.7808086811733
11.877462058682857
11.973753202249041
12.069664997294524
12.165180614930286
12.260283522786713
12.354957495384982
12.449186624037091
12.54295532626391
12.63624835472203
12.729050805631328
12.821348126696341
12.913126124515909
13.004370971476538
13.095069212126386
13.18520776902771
13.27477394808705
13.363755443363319
13.452140341355213
13.539917124770461
13.62707467578051
13.713602278765073
13.799489622552251
13.88472680216061
13.969304320050773
14.053213086894626
14.136444421871355
14.21899005250008
14.300842114019794
14.381993148327675
14.4624361024878
14.542164326822592
14.621171572600097
14.699451989330376
14.777000121684976
14.853810906053718
14.929879666753243
15.005202111902351
15.079774328978958
15.1535927800741
15.226654296858209
15.298956075275294
15.370495669980352
15.441270988535678
15.511280285381472
15.580522155596242
15.64899552846225
15.716699660851173
15.783634130445058
15.849798828807286
15.915193954318163
15.979820004989415
16.043677771171637
16.106768328168442
16.16909302877065
16.230653495723615
16.291451614140357
16.35148952387287
16.41076961185346
16.469294504417665
16.5270670596199
16.584090359552512
16.64036770267849
16.695902596187704
16.750698748386082
16.80476006112662
16.858090622290945
16.910694698329305
16.962576726866818
17.013741309383125
17.06419320397235
17.113937318189624
17.162978701990244
17.211322540767
17.258974148490804
17.305938960959438
17.352222529158695
17.397830512740043
17.442768673618374
17.487042869693084
17.530659048695522
17.573623242165265
17.615941559557648
17.65762018248439
17.698665359089002
17.73908339855842
17.778880665771847
17.81806357608774
17.856638590269434
17.894612209549805
17.931990970835006
17.968781442047266
18.0049902176063
18.040623914048922
18.075689165786144
18.110192620996816
18.144140937656857
18.17754077970288
18.210398813328773
18.242721703413977
18.274516110081667
18.305788685385284
18.336546070121553
18.36679489076811
18.396541756543755
18.425793256589298
18.454555957266802
18.48283639957513
18.51064109667944
18.537976531552435
18.56484915472497
18.59126538214366
18.617231593133063
18.642754128460112
18.667839288498186
18.692493331488546
18.71672247189652
18.74053287886007
18.76393067472823
18.78692193368696
18.809512680469968
18.831708889152072
18.853516482022627
18.874941328536654
18.895989244341315
18.91666599037528
18.936977272038725
18.956928738431646
18.976525981658167
18.995774536194666
19.01467987831947
19.033247425601896
19.051482536448667
19.069390509705368
19.086976584311124
19.10424593900427
19.121203692077174
19.137854901178276
19.154204563159325
19.170257613966083
19.18601892857067
19.201493320943722
19.216685544064713
19.231600289968693
19.246242189827882
19.26061581406646
19.274725672507035
19.288576214547277
19.30217182936526
19.315516846152082
19.32861553437035
19.341472104037276
19.35409070603099
19.366475432418873
19.378630316806653
19.390559334707117
19.40226640392728
19.413755384972873
19.4250300814692
19.43609424059715
19.44695155354354
19.457605655964738
19.46806012846268
19.47831849707234
19.48838423375985
19.498260756930403
19.50795143194521
19.517459571646615
19.526788436890776
19.535941237087115
19.54492113074392
19.55373122601935
19.56237458127739
19.57085420564793
19.579173059590634
19.587334055461877
19.595340058084293
19.60319388531845
19.610898308636138
19.618456053694835
19.62586980091291
19.633142186045134
19.640275800758168
19.647273193205546
19.654136868601892
19.660869289795986
19.667472877842368
19.673950012571183
19.680303033155948
19.686534238679027
19.69264588869449
19.69864020378814
19.70451936613454
19.71028552005066
19.715940772546176
19.72148719386999
19.72692681805298
19.7322616434467
19.737493633257944
19.74262471607895
19.747656786413227
19.752591705196753
19.757431300314515
19.762177367112262
19.76683166890334
19.771395937470583
19.775871873563144
19.78026114738814
19.78456539909717
19.788786239267537
19.792925249378165
19.796983982280146
19.800963962661914
19.804866687508973
19.808693626558167
19.812446222746466
19.81612589265424
19.819734026943042
19.823271990787845
19.826741124303737
19.830142742967116
19.833478138031325
19.836748576936802
19.839955303715676
19.843099539390884
19.846182482369834
19.84920530883253
19.852169173114362
19.85507520808337
19.85792452551222
19.86071821644476
19.863457351557233
19.866142981514304
19.868776137319674
19.871357830661626
19.873889054253283
19.87637078216778
19.878803970168317
19.881189556033195
19.88352845987577
19.88582158445953
19.888069815508203
19.89027402201099
19.892435056523027
19.894553755461025
19.896630939394228
19.898667413330674
19.90066396699886
19.902621375124827
19.904540397704736
19.906421780272986
19.90826625416592
19.910074536781178
19.911847331832742
19.913585329601762
19.915289207183132
19.916959628727987
19.91859724568208
19.92020269702012
19.921776609476165
19.923319597770053
19.924832264829984
19.92631520201128
19.927768989311367
19.92919419558107
19.93059137873221
19.931961085941655
19.933303853851733
19.934620208767228
19.93591066684886
19.937175734303413
19.93841590757045
19.939631673505833
19.940823509561856
19.941991883964317
19.94313725588634
19.944260075619155
19.94536078473978
19.94643981627574
19.947497594866796
19.948534536923795
19.949551050784606
19.950547536867305
19.951524387820523
19.9524819886711
19.953420716969063
19.95434094292994
19.955243029574472
19.956127332865822
19.956994201844218
19.957843978759133
19.958676999199092
19.959493592219
19.96029408046523
19.961078780298287
19.961848001913324
19.96260204945832
19.963341221150145
19.96406580938843
19.964776100867343
19.965472376685256
19.966154912452403
19.966823978396512
19.967479839466446
19.96812275543394
19.968752980993422
19.96937076585993
19.96997635486526
19.97056998805221
19.97115190076715
19.971722323750786
19.972281483227242
19.97282960099142
19.973366894494788
19.973893576929463
19.974409857310743
19.974915940558063
19.975412027574453
19.975898315324418
19.976374996910415
19.976842261647807
19.97730029513844
19.977749279342795
19.97818939265078
19.97862080995116
19.97904370269966
19.97945823898577
19.97986458359829
19.98026289808958
19.980653340838646
19.981036067112925
19.981411229128987
19.98177897611199
19.982139454354034
19.982492807271413
19.9828391754607
19.98317869675382
19.983511506272034
19.98383773647888
19.984157517232095
19.984470975834583
19.984778237084296
19.985079423323267
19.985374654485614
19.98566404814467
19.985947719559164
19.986225781718534
19.986498345387346
19.98676551914886
19.987027409447773
19.987284120632097
19.98753575499424
19.987782412811313
19.98802419238461
19.988261190078386
19.988493500357784
19.988721215826157
19.98894442726153
19.989163223652454
19.98937769223312
19.98958791851778
19.98979398633453
19.98999597785841
19.990193973643866
19.990388052656595
19.990578292304743
19.990764768469518
19.99094755553519
19.991126726418514
19.99130235259758
19.991474504140097
19.991643249731133
19.99180865670028
19.991970791048345
19.992129717473468
19.992285499396772
19.99243819898746
19.99258787718747
19.992734593735637
19.992878407191352
19.9930193749578
19.993157553304705
19.99329299739067
0.0
0.0
0.0
0.0
0.0
0.0
0.0
0.0
0.0
0.0
0.0
0.0
0.0
0.0
0.0
0.0
0.0
0.0
0.0
0.0
0.0
0.0
0.0
0.0
0.0
0.0
0.0
0.0
0.0
0.0
0.0
0.0
0.0
0.0
0.0
0.0
0.0
0.0
0.0
0.0
0.0
0.0
0.0
0.0
0.0
0.0
0.0
0.0
0.0
0.0
0.0
0.0
0.0
0.0
0.0
0.0
0.0
0.0
0.0
0.0
0.0
0.0
0.0
0.0
0.0
0.0
0.0
0.0
0.0
0.0
0.0
0.0
0.0
0.0
0.0
0.0
0.0
0.0
0.0
0.0
0.0
0.0
0.0
0.0
0.0
0.0
0.0
0.0
0.0
0.0
0.0
0.0
0.0
0.0
0.0
0.0
0.0
0.0
0.0
0.0
0.0
0.0
0.0
0.0
0.0
0.0
0.0
0.0
0.0
0.0
0.0
0.0
0.0
0.0
0.0
0.0
0.0
0.0
0.0
0.0
0.0
0.0
0.0
0.0
0.0
0.0
0.0
0.0
0.0
0.0
0.0
0.0
0.0
0.0
0.0
0.0
0.0
0.0
0.0
0.0
0.0
0.0
0.0
0.0
0.0
0.0
0.0
0.0
0.0
0.0
0.0
0.0
0.0
0.0
0.0
0.0
0.0
0.0
0.0
0.0
0.0
0.0
0.0
0.0
0.0
0.0
0.0
0.0
0.0
0.0
0.0
0.0
0.0
0.0
0.0
0.0
0.0
0.0
0.0
0.0
0.0
0.0
0.0
0.0
0.0
0.0
0.0
0.0
0.0
0.0
0.0
0.0
0.0
0.0
0.0
0.0
0.0
0.0
0.0
0.006707002609329562
0.0068424466952952
0.006980625042201226
0.007121592808646377
0.0072654062643615555
0.0074121228125279305
0.00756180101254076
0.0077145006032275434
0.007870282526529663
0.008029208951656418
0.008191343299721009
0.008356750268867688
0.008525495859900015
0.008697647402419793
0.008873273581487005
0.0090524444648107
0.009235231530481508
0.009421707695256182
0.009611947343405218
0.009806026356134331
0.010004022141591287
0.01020601366546929
0.010412081482218852
0.010622307766879729
0.010836776347545393
0.01105557273847199
0.01127878417384474
0.011506499642214266
0.011738809921616055
0.01197580761538636
0.01221758718868802
0.012464245005759983
0.012715879367904566
0.012972590552226904
0.013234480851140889
0.013501654612656762
0.013774218281465122
0.014052280440833112
0.014335951855328082
0.014625345514385065
0.01492057667673394
0.015221762915703211
0.015529024165416867
0.015842482767901893
0.016162263521123436
0.016488493727965906
0.016821303246177616
0.017160824539297844
0.01750719272858475
0.017860545645963316
0.01822102388801291
0.018588770871014033
0.01896393288707451
0.019346659161355466
0.01973710191041816
0.020135416401712736
0.020541761014230414
0.020956297300341147
0.021379190048839286
0.02181060734921945
0.02225072065720643
0.022699704861561858
0.023157738352192318
0.023625003089582527
0.024101684675578956
0.0245879724255484
0.02508405944193776
0.025590142689260267
0.026106423070535442
0.026633105505208757
0.027170399008579184
0.0277185167727616
0.028277676249212968
0.02884809923285041
0.029430011947790553
0.030023645134739832
0.030629234140065697
0.03124701900657923
0.031877244566060205
0.03252016053355632
0.033176021603488426
0.03384508754759416
0.03452762331474306
0.035223899132656944
0.03593419061156888
0.036658778849856105
0.037397950541680984
0.03815199808667646
0.03892121970171116
0.03970591953477161
0.040506407780997636
0.041323000800909684
0.04215602124086503
0.04300579815578266
0.04387266713417492
0.04475697042552667
0.04565905707006123
0.04657928303093478
0.04751801132889973
0.048475612179479266
0.04945246313269549
0.05044894921539388
0.05146546307620737
0.052502405133203915
0.05356018372426234
0.05463921526022118
0.05573992438084562
0.0568627441136588
0.058008116035684
0.05917649043814456
0.0603683264941685
0.06158409242954601
0.06282426569658855
0.06408933315113755
0.06537979123277234
0.06669614614826688
0.06803891405834528
0.06940862126778662
0.07080580441893007
0.07223101068863096
0.07368479798871978
0.075167735170016
0.07668040222994887
0.07822339052383738
0.07979730297988208
0.08140275431792254
0.08304037127201286
0.08471079281686848
0.0864146703982384
0.08815266816725616
0.08992546321882357
0.0917337458340804
0.09357821972701412
0.09545960229526401
0.09737862487517282
0.09933603300113922
0.10133258666932518
0.10336906060577133
0.10544624453897349
0.10756494347697208
0.10972597798900809
0.11193018449179605
0.11417841554046687
0.11647154012423029
0.1188104439668074
0.12119602983168233
0.12362921783222287
0.12611094574671716
0.1286421693383727
0.13122386268032457
0.13385701848569712
0.1365426484427632
0.1392817835552418
0.14207547448777566
0.14492479191662858
0.14783082688563942
0.15079469116746785
0.15381751763016674
0.15690046060911267
0.1600446962843248
0.16325142306319793
0.1665218619686758
0.16985725703288707
0.17325887569626325
0.17672800921215429
0.18026597305695646
0.1838741073457619
0.18755377725353709
0.19130637344183332
0.1951333124910271
0.1990360373380865
0.20301601771985442
0.20707475062183484
0.21121376073246242
0.21543460090283248
0.2197388526118636
0.2241281264368573
0.22860406252941445
0.23316833109666216
0.23782263288773983
0.24256869968548472
0.24740829480324855
0.25234321358677403
0.25737528392105014
0.26250636674205596
0.2677383565532956
0.27307318194701796
0.2785128061300079
0.2840592274538225
0.2897144799493376
0.2954806338654611
0.30135979621185643
0.307354111305511
0.31346576132097115
0.3196969668440517
0.3260499874288189
0.33252712215763247
0.3391307102040153
0.3458631313981085
0.3527268067944537
0.3597241992418312
0.3668578139548656
0.37413019908709205
0.38154394630516303
0.3891016913638607
0.39680611468154997
0.40465994191570803
0.4126659445381238
0.4208269404093656
0.42914579435207023
0.43762541872260957
0.4462687739806446
0.45507886925607993
0.4640587629128815
0.47321156310922424
0.48254042835338395
0.4920485680547889
0.5017392430695963
0.5116157662401539
0.5216815029276587
0.5319398715373173
0.5423943440352608
0.5530484464564629
0.5639057594028514
0.5749699185307997
0.5862446150271264
0.5977335960727245
0.6094406652928832
0.621369683193348
0.633524567581128
0.64590929396901
0.6585278959627251
0.6713844656296502
0.6844831538479177
0.6978281706347365
0.7114237854527236
0.7252743274929666
0.7393841859335409
0.7537578101721183
0.7683997100313078
0.783314455935287
0.798506679056276
0.8139810714293297
0.8297423860339171
0.8457954368406757
0.8621450988217227
0.8787963079228266
0.8957540609957352
0.9130234156888746
0.9306094902946298
0.9485174635513356
0.9667525743981038
0.9853201216805331
1.00422546380533
1.0234740183418332
1.0430712615683544
1.0630227279612745
1.083334009624721
1.104010755658686
1.125058671463347
1.1464835179773751
1.1682911108479246
1.1904873195300303
1.2130780663130425
1.236069325271772
1.2594671211399295
1.2832775281034792
1.3075066685114525
1.3321607115018137
1.3572458715398898
1.3827684068669368
1.4087346178563414
1.4351508452750272
1.462023468447564
1.4893589033205619
1.517163600424871
1.545444042733197
1.5742067434107048
1.6034582434562459
1.6332051092318933
1.663453929878447
1.694211314614716
1.7254838899183333
1.7572782965860252
1.7896011866712283
1.822459220297123
1.8558590623431397
1.8898073790031864
1.9243108342138566
1.9593760859510791
1.9950097823937027
2.0312185579527338
2.0680090291649913
2.1053877904501963
2.1433614097305633
2.18193642391226
2.221119334228151
2.2609166014415805
2.301334640910996
2.3423798175156114
2.384058440442351
2.426376757834736
2.46934095130448
2.5129571303069125
2.557231326381627
2.6021694872599563
2.6477774708413078
2.6940610390405615
2.7410258515091934
2.788677459233001
2.8370212980097564
2.886062681810374
2.9358067960276477
2.9862586906168747
3.0374232731331863
3.0893053016706937
3.1419093777090557
3.1952399388733808
3.2493012516139226
3.304097403812292
3.3596322973215114
3.415909640447489
3.4729329403801015
3.5307054955823345
3.5892303881465373
3.648510476127127
3.7085483858596437
3.7693465042763887
3.830906971229349
3.8932316718315585
3.9563222288283635
4.020179995010587
4.084806045681835
4.1502011711927125
4.2163658695549415
4.283300339148829
4.351004471537749
4.419477844403757
4.48871971461853
4.558729011464327
4.629504330019646
4.701043924724707
4.773345703141791
4.846407219925903
4.920225671021038
4.994797888097649
5.070120333246757
5.146189093946286
5.2229998783150196
5.300548010669625
5.378828427399902
5.457835673177407
5.537563897512204
5.6180068516723205
5.699157885980205
5.781009947499919
5.863555578128649
5.946786913105369
6.030695679949225
6.115273197839389
6.200510377447752
6.2863977212349225
6.37292532421949
6.4600828752295385
6.547859658644792
6.636244556636677
6.725226051912949
6.814792230972291
6.904930787873616
6.995629028523458
7.086873875484093
7.178651873303659
7.270949194368675
7.363751645277966
7.457044673736091
7.550813375962909
7.645042504615017
7.739716477213291
7.834819385069709
7.9303350027054735
8.026246797750959
8.122537941317146
8.219191318826697
8.316189541291854
8.41351495702501
8.51114966376682
8.60907552121542
8.707274163939417
8.805727014656139
8.904415297855707
9.003320053750441
9.102422152528401
9.201702308888684
9.301141096835712
9.400718964708565
9.500416250421202
9.600213196888365
9.7000899676118
9.800026662400692
9.900003333200008
10.0
10.099996666799992
10.199973337599305
10.299910032388203
10.399786803111637
10.499583749578798
10.59928103529143
10.698858903164291
10.798297691111314
10.8975778474716
10.996679946249555
11.095584702144299
11.19427298534386
11.292725836060582
11.390924478784576
11.488850336233183
11.58648504297499
11.683810458708146
11.7808086811733
11.877462058682857
11.973753202249041
12.069664997294524
12.165180614930286
12.260283522786713
12.354957495384982
12.449186624037091
12.54295532626391
12.63624835472203
12.729050805631328
12.821348126696341
12.913126124515909
13.004370971476538
13.095069212126386
13.18520776902771
13.27477394808705
13.363755443363319
13.452140341355213
13.539917124770461
13.62707467578051
13.713602278765073
13.799489622552251
13.88472680216061
13.969304320050773
14.053213086894626
14.136444421871355
14.21899005250008
14.300842114019794
14.381993148327675
14.4624361024878
14.542164326822592
14.621171572600097
14.699451989330376
14.777000121684976
14.853810906053718
14.929879666753243
15.005202111902351
15.079774328978958
15.1535927800741
15.226654296858209
15.298956075275294
15.370495669980352
15.441270988535678
15.511280285381472
15.580522155596242
15.64899552846225
15.716699660851173
15.783634130445058
15.849798828807286
15.915193954318163
15.979820004989415
16.043677771171637
16.106768328168442
16.16909302877065
16.230653495723615
16.291451614140357
16.35148952387287
16.41076961185346
16.469294504417665
16.5270670596199
16.584090359552512
16.64036770267849
16.695902596187704
16.750698748386082
16.80476006112662
16.858090622290945
16.910694698329305
16.962576726866818
17.013741309383125
17.06419320397235
17.113937318189624
17.162978701990244
17.211322540767
17.258974148490804
17.305938960959438
17.352222529158695
17.397830512740043
17.442768673618374
17.487042869693084
17.530659048695522
17.573623242165265
17.615941559557648
17.65762018248439
17.698665359089002
17.73908339855842
17.778880665771847
17.81806357608774
17.856638590269434
17.894612209549805
17.931990970835006
17.968781442047266
18.0049902176063
18.040623914048922
18.075689165786144
18.110192620996816
18.144140937656857
18.17754077970288
18.210398813328773
18.242721703413977
18.274516110081667
18.305788685385284
18.336546070121553
18.36679489076811
18.396541756543755
18.425793256589298
18.454555957266802
18.48283639957513
18.51064109667944
18.537976531552435
18.56484915472497
18.59126538214366
18.617231593133063
18.642754128460112
18.667839288498186
18.692493331488546
18.71672247189652
18.74053287886007
18.76393067472823
18.78692193368696
18.809512680469968
18.831708889152072
18.853516482022627
18.874941328536654
18.895989244341315
18.91666599037528
18.936977272038725
18.956928738431646
18.976525981658167
18.995774536194666
19.01467987831947
19.033247425601896
19.051482536448667
19.069390509705368
19.086976584311124
19.10424593900427
19.121203692077174
19.137854901178276
19.154204563159325
19.170257613966083
19.18601892857067
19.201493320943722
19.216685544064713
19.231600289968693
19.246242189827882
19.26061581406646
19.274725672507035
19.288576214547277
19.30217182936526
19.315516846152082
19.32861553437035
19.341472104037276
19.35409070603099
19.366475432418873
19.378630316806653
19.390559334707117
19.40226640392728
19.413755384972873
19.4250300814692
19.43609424059715
19.44695155354354
19.457605655964738
19.46806012846268
19.47831849707234
19.48838423375985
19.498260756930403
19.50795143194521
19.517459571646615
19.526788436890776
19.535941237087115
19.54492113074392
19.55373122601935
19.56237458127739
19.57085420564793
19.579173059590634
19.587334055461877
19.595340058084293
19.60319388531845
19.610898308636138
19.618456053694835
19.62586980091291
19.633142186045134
19.640275800758168
19.647273193205546
19.654136868601892
19.660869289795986
19.667472877842368
19.673950012571183
19.680303033155948
19.686534238679027
19.69264588869449
19.69864020378814
19.70451936613454
19.71028552005066
19.715940772546176
19.72148719386999
19.72692681805298
19.7322616434467
19.737493633257944
19.74262471607895
19.747656786413227
19.752591705196753
19.757431300314515
19.762177367112262
19.76683166890334
19.771395937470583
19.775871873563144
19.78026114738814
19.78456539909717
19.788786239267537
19.792925249378165
19.796983982280146
19.800963962661914
19.804866687508973
19.808693626558167
19.812446222746466
19.81612589265424
19.819734026943042
19.823271990787845
19.826741124303737
19.830142742967116
19.833478138031325
19.836748576936802
19.839955303715676
19.843099539390884
19.846182482369834
19.84920530883253
19.852169173114362
19.85507520808337
19.85792452551222
19.86071821644476
19.863457351557233
19.866142981514304
19.868776137319674
19.871357830661626
19.873889054253283
19.87637078216778
19.878803970168317
19.881189556033195
19.88352845987577
19.88582158445953
19.888069815508203
19.89027402201099
19.892435056523027
19.894553755461025
19.896630939394228
19.898667413330674
19.90066396699886
19.902621375124827
19.904540397704736
19.906421780272986
19.90826625416592
19.910074536781178
19.911847331832742
19.913585329601762
19.915289207183132
19.916959628727987
19.91859724568208
19.92020269702012
19.921776609476165
19.923319597770053
19.924832264829984
19.92631520201128
19.927768989311367
19.92919419558107
19.93059137873221
19.931961085941655
19.933303853851733
19.934620208767228
19.93591066684886
19.937175734303413
19.93841590757045
19.939631673505833
19.940823509561856
19.941991883964317
19.94313725588634
19.944260075619155
19.94536078473978
19.94643981627574
19.947497594866796
19.948534536923795
19.949551050784606
19.950547536867305
19.951524387820523
19.9524819886711
19.953420716969063
19.95434094292994
19.955243029574472
19.956127332865822
19.956994201844218
19.957843978759133
19.958676999199092
19.959493592219
19.96029408046523
19.961078780298287
19.961848001913324
19.96260204945832
19.963341221150145
19.96406580938843
19.964776100867343
19.965472376685256
19.966154912452403
19.966823978396512
19.967479839466446
19.96812275543394
19.968752980993422
19.96937076585993
19.96997635486526
19.97056998805221
19.97115190076715
19.971722323750786
19.972281483227242
19.97282960099142
19.973366894494788
19.973893576929463
19.974409857310743
19.974915940558063
19.975412027574453
19.975898315324418
19.976374996910415
19.976842261647807
19.97730029513844
19.977749279342795
19.97818939265078
19.97862080995116
19.97904370269966
19.97945823898577
19.97986458359829
19.98026289808958
19.980653340838646
19.981036067112925
19.981411229128987
19.98177897611199
19.982139454354034
19.982492807271413
19.9828391754607
19.98317869675382
19.983511506272034
19.98383773647888
19.984157517232095
19.984470975834583
19.984778237084296
19.985079423323267
19.985374654485614
19.98566404814467
19.985947719559164
19.986225781718534
19.986498345387346
19.98676551914886
19.987027409447773
19.987284120632097
19.98753575499424
19.987782412811313
19.98802419238461
19.988261190078386
19.988493500357784
19.988721215826157
19.98894442726153
19.989163223652454
19.98937769223312
19.98958791851778
19.98979398633453
19.98999597785841
19.990193973643866
19.990388052656595
19.990578292304743
19.990764768469518
19.99094755553519
19.991126726418514
19.99130235259758
19.991474504140097
19.991643249731133
19.99180865670028
19.991970791048345
19.992129717473468
19.992285499396772
19.99243819898746
19.99258787718747
19.992734593735637
19.992878407191352
19.9930193749578
19.993157553304705
19.99329299739067
0.0
0.0
0.0
0.0
0.0
0.0
0.0
0.0
0.0
0.0
0.0
0.0
0.0
0.0
0.0
0.0
0.0
0.0
0.0
0.0
0.0
0.0
0.0
0.0
0.0
0.0
0.0
0.0
0.0
0.0
0.0
0.0
0.0
0.0
0.0
0.0
0.0
0.0
0.0
0.0
0.0
0.0
0.0
0.0
0.0
0.0
0.0
0.0
0.0
0.0
0.0
0.0
0.0
0.0
0.0
0.0
0.0
0.0
0.0
0.0
0.0
0.0
0.0
0.0
0.0
0.0
0.0
0.0
0.0
0.0
0.0
0.0
0.0
0.0
0.0
0.0
0.0
0.0
0.0
0.0
0.0
0.0
0.0
0.0
0.0
0.0
0.0
0.0
0.0
0.0
0.0
0.0
0.0
0.0
0.0
0.0
0.0
0.0
0.0
0.0
0.0
0.0
0.0
0.0
0.0
0.0
0.0
0.0
0.0
0.0
0.0
0.0
0.0
0.0
0.0
0.0
0.0
0.0
0.0
0.0
0.0
0.0
0.0
0.0
0.0
0.0
0.0
0.0
0.0
0.0
0.0
0.0
0.0
0.0
0.0
0.0
0.0
0.0
0.0
0.0
0.0
0.0
0.0
0.0
0.0
0.0
0.0
0.0
0.0
0.0
0.0
0.0
0.0
0.0
0.0
0.0
0.0
0.0
0.0
0.0
0.0
0.0
0.0
0.0
0.0
0.0
0.0
0.0
0.0
0.0
0.0
0.0
0.0
0.0
0.0
0.0
0.0
0.0
0.0
0.0
0.0
0.0
0.0
0.0
0.0
0.0
0.0
0.0
0.0
0.0
0.0
0.0
0.0
0.0
0.0
0.0
0.0
0.0
0.0
0.006707002609329562
0.0068424466952952
0.006980625042201226
0.007121592808646377
0.0072654062643615555
0.0074121228125279305
0.00756180101254076
0.0077145006032275434
0.007870282526529663
0.008029208951656418
0.008191343299721009
0.008356750268867688
0.008525495859900015
0.008697647402419793
0.008873273581487005
0.0090524444648107
0.009235231530481508
0.009421707695256182
0.009611947343405218
0.009806026356134331
0.010004022141591287
0.01020601366546929
0.010412081482218852
0.010622307766879729
0.010836776347545393
0.01105557273847199
0.01127878417384474
0.011506499642214266
0.011738809921616055
0.01197580761538636
0.01221758718868802
0.012464245005759983
0.012715879367904566
0.012972590552226904
0.013234480851140889
0.013501654612656762
0.013774218281465122
0.014052280440833112
0.014335951855328082
0.014625345514385065
0.01492057667673394
0.015221762915703211
0.015529024165416867
0.015842482767901893
0.016162263521123436
0.016488493727965906
0.016821303246177616
0.017160824539297844
0.01750719272858475
0.017860545645963316
0.01822102388801291
0.018588770871014033
0.01896393288707451
0.019346659161355466
0.01973710191041816
0.020135416401712736
0.020541761014230414
0.020956297300341147
0.021379190048839286
0.02181060734921945
0.02225072065720643
0.022699704861561858
0.023157738352192318
0.023625003089582527
0.024101684675578956
0.0245879724255484
0.02508405944193776
0.025590142689260267
0.026106423070535442
0.026633105505208757
0.027170399008579184
0.0277185167727616
0.028277676249212968
0.02884809923285041
0.029430011947790553
0.030023645134739832
0.030629234140065697
0.03124701900657923
0.031877244566060205
0.03252016053355632
0.033176021603488426
0.03384508754759416
0.03452762331474306
0.035223899132656944
0.03593419061156888
0.036658778849856105
0.037397950541680984
0.03815199808667646
0.03892121970171116
0.03970591953477161
0.040506407780997636
0.041323000800909684
0.04215602124086503
0.04300579815578266
0.04387266713417492
0.04475697042552667
0.04565905707006123
0.04657928303093478
0.04751801132889973
0.048475612179479266
0.04945246313269549
0.05044894921539388
0.05146546307620737
0.052502405133203915
0.05356018372426234
0.05463921526022118
0.05573992438084562
0.0568627441136588
0.058008116035684
0.05917649043814456
0.0603683264941685
0.06158409242954601
0.06282426569658855
0.06408933315113755
0.06537979123277234
0.06669614614826688
0.06803891405834528
0.06940862126778662
0.07080580441893007
0.07223101068863096
0.07368479798871978
0.075167735170016
0.07668040222994887
0.07822339052383738
0.07979730297988208
0.08140275431792254
0.08304037127201286
0.08471079281686848
0.0864146703982384
0.08815266816725616
0.08992546321882357
0.0917337458340804
0.09357821972701412
0.09545960229526401
0.09737862487517282
0.09933603300113922
0.10133258666932518
0.10336906060577133
0.10544624453897349
0.10756494347697208
0.10972597798900809
0.11193018449179605
0.11417841554046687
0.11647154012423029
0.1188104439668074
0.12119602983168233
0.12362921783222287
0.12611094574671716
0.1286421693383727
0.13122386268032457
0.13385701848569712
0.1365426484427632
0.1392817835552418
0.14207547448777566
0.14492479191662858
0.14783082688563942
0.15079469116746785
0.15381751763016674
0.15690046060911267
0.1600446962843248
0.16325142306319793
0.1665218619686758
0.16985725703288707
0.17325887569626325
0.17672800921215429
0.18026597305695646
0.1838741073457619
0.18755377725353709
0.19130637344183332
0.1951333124910271
0.1990360373380865
0.20301601771985442
0.20707475062183484
0.21121376073246242
0.21543460090283248
0.2197388526118636
0.2241281264368573
0.22860406252941445
0.23316833109666216
0.23782263288773983
0.24256869968548472
0.24740829480324855
0.25234321358677403
0.25737528392105014
0.26250636674205596
0.2677383565532956
0.27307318194701796
0.2785128061300079
0.2840592274538225
0.2897144799493376
0.2954806338654611
0.30135979621185643
0.307354111305511
0.31346576132097115
0.3196969668440517
0.3260499874288189
0.33252712215763247
0.3391307102040153
0.3458631313981085
0.3527268067944537
0.3597241992418312
0.3668578139548656
0.37413019908709205
0.38154394630516303
0.3891016913638607
0.39680611468154997
0.40465994191570803
0.4126659445381238
0.4208269404093656
0.42914579435207023
0.43762541872260957
0.4462687739806446
0.45507886925607993
0.4640587629128815
0.47321156310922424
0.48254042835338395
0.4920485680547889
0.5017392430695963
0.5116157662401539
0.5216815029276587
0.5319398715373173
0.5423943440352608
0.5530484464564629
0.5639057594028514
0.5749699185307997
0.5862446150271264
0.5977335960727245
0.6094406652928832
0.621369683193348
0.633524567581128
0.64590929396901
0.6585278959627251
0.6713844656296502
0.6844831538479177
0.6978281706347365
0.7114237854527236
0.7252743274929666
0.7393841859335409
0.7537578101721183
0.7683997100313078
0.783314455935287
0.798506679056276
0.8139810714293297
0.8297423860339171
0.8457954368406757
0.8621450988217227
0.8787963079228266
0.8957540609957352
0.9130234156888746
0.9306094902946298
0.9485174635513356
0.9667525743981038
0.9853201216805331
1.00422546380533
1.0234740183418332
1.0430712615683544
1.0630227279612745
1.083334009624721
1.104010755658686
1.125058671463347
1.1464835179773751
1.1682911108479246
1.1904873195300303
1.2130780663130425
1.236069325271772
1.2594671211399295
1.2832775281034792
1.3075066685114525
1.3321607115018137
1.3572458715398898
1.3827684068669368
1.4087346178563414
1.4351508452750272
1.462023468447564
1.4893589033205619
1.517163600424871
1.545444042733197
1.5742067434107048
1.6034582434562459
1.6332051092318933
1.663453929878447
1.694211314614716
1.7254838899183333
1.7572782965860252
1.7896011866712283
1.822459220297123
1.8558590623431397
1.8898073790031864
1.9243108342138566
1.9593760859510791
1.9950097823937027
2.0312185579527338
2.0680090291649913
2.1053877904501963
2.1433614097305633
2.18193642391226
2.221119334228151
2.2609166014415805
2.301334640910996
2.3423798175156114
2.384058440442351
2.426376757834736
2.46934095130448
2.5129571303069125
2.557231326381627
2.6021694872599563
2.6477774708413078
2.6940610390405615
2.7410258515091934
2.788677459233001
2.8370212980097564
2.886062681810374
2.9358067960276477
2.9862586906168747
3.0374232731331863
3.0893053016706937
3.1419093777090557
3.1952399388733808
3.2493012516139226
3.304097403812292
3.3596322973215114
3.415909640447489
3.4729329403801015
3.5307054955823345
3.5892303881465373
3.648510476127127
3.7085483858596437
3.7693465042763887
3.830906971229349
3.8932316718315585
3.9563222288283635
4.020179995010587
4.084806045681835
4.1502011711927125
4.2163658695549415
4.283300339148829
4.351004471537749
4.419477844403757
4.48871971461853
4.558729011464327
4.629504330019646
4.701043924724707
4.773345703141791
4.846407219925903
4.920225671021038
4.994797888097649
5.070120333246757
5.146189093946286
5.2229998783150196
5.300548010669625
5.378828427399902
5.457835673177407
5.537563897512204
5.6180068516723205
5.699157885980205
5.781009947499919
5.863555578128649
5.946786913105369
6.030695679949225
6.115273197839389
6.200510377447752
6.2863977212349225
6.37292532421949
6.4600828752295385
6.547859658644792
6.636244556636677
6.725226051912949
6.814792230972291
6.904930787873616
6.995629028523458
7.086873875484093
7.178651873303659
7.270949194368675
7.363751645277966
7.457044673736091
7.550813375962909
7.645042504615017
7.739716477213291
7.834819385069709
7.9303350027054735
8.026246797750959
8.122537941317146
8.219191318826697
8.316189541291854
8.41351495702501
8.51114966376682
8.60907552121542
8.707274163939417
8.805727014656139
8.904415297855707
9.003320053750441
9.102422152528401
9.201702308888684
9.301141096835712
9.400718964708565
9.500416250421202
9.600213196888365
9.7000899676118
9.800026662400692
9.900003333200008
10.0
10.099996666799992
10.199973337599305
10.299910032388203
10.399786803111637
10.499583749578798
10.59928103529143
10.698858903164291
10.798297691111314
10.8975778474716
10.996679946249555
11.095584702144299
11.19427298534386
11.292725836060582
11.390924478784576
11.488850336233183
11.58648504297499
11.683810458708146
11.7808086811733
11.877462058682857
11.973753202249041
12.069664997294524
12.165180614930286
12.260283522786713
12.354957495384982
12.449186624037091
12.54295532626391
12.63624835472203
12.729050805631328
12.821348126696341
12.913126124515909
13.004370971476538
13.095069212126386
13.18520776902771
13.27477394808705
13.363755443363319
13.452140341355213
13.539917124770461
13.62707467578051
13.713602278765073
13.799489622552251
13.88472680216061
13.969304320050773
14.053213086894626
14.136444421871355
14.21899005250008
14.300842114019794
14.381993148327675
14.4624361024878
14.542164326822592
14.621171572600097
14.699451989330376
14.777000121684976
14.853810906053718
14.929879666753243
15.005202111902351
15.079774328978958
15.1535927800741
15.226654296858209
15.298956075275294
15.370495669980352
15.441270988535678
15.511280285381472
15.580522155596242
15.64899552846225
15.716699660851173
15.783634130445058
15.849798828807286
15.915193954318163
15.979820004989415
16.043677771171637
16.106768328168442
16.16909302877065
16.230653495723615
16.291451614140357
16.35148952387287
16.41076961185346
16.469294504417665
16.5270670596199
16.584090359552512
16.64036770267849
16.695902596187704
16.750698748386082
16.80476006112662
16.858090622290945
16.910694698329305
16.962576726866818
17.013741309383125
17.06419320397235
17.113937318189624
17.162978701990244
17.211322540767
17.258974148490804
17.305938960959438
17.352222529158695
17.397830512740043
17.442768673618374
17.487042869693084
17.530659048695522
17.573623242165265
17.615941559557648
17.65762018248439
17.698665359089002
17.73908339855842
17.778880665771847
17.81806357608774
17.856638590269434
17.894612209549805
17.931990970835006
17.968781442047266
18.0049902176063
18.040623914048922
18.075689165786144
18.110192620996816
18.144140937656857
18.17754077970288
18.210398813328773
18.242721703413977
18.274516110081667
18.305788685385284
18.336546070121553
18.36679489076811
18.396541756543755
18.425793256589298
18.454555957266802
18.48283639957513
18.51064109667944
18.537976531552435
18.56484915472497
18.59126538214366
18.617231593133063
18.642754128460112
18.667839288498186
18.692493331488546
18.71672247189652
18.74053287886007
18.76393067472823
18.78692193368696
18.809512680469968
18.831708889152072
18.853516482022627
18.874941328536654
18.895989244341315
18.91666599037528
18.936977272038725
18.956928738431646
18.976525981658167
18.995774536194666
19.01467987831947
19.033247425601896
19.051482536448667
19.069390509705368
19.086976584311124
19.10424593900427
19.121203692077174
19.137854901178276
19.154204563159325
19.170257613966083
19.18601892857067
19.201493320943722
19.216685544064713
19.231600289968693
19.246242189827882
19.26061581406646
19.274725672507035
19.288576214547277
19.30217182936526
19.315516846152082
19.32861553437035
19.341472104037276
19.35409070603099
19.366475432418873
19.378630316806653
19.390559334707117
19.40226640392728
19.413755384972873
19.4250300814692
19.43609424059715
19.44695155354354
19.457605655964738
19.46806012846268
19.47831849707234
19.48838423375985
19.498260756930403
19.50795143194521
19.517459571646615
19.526788436890776
19.535941237087115
19.54492113074392
19.55373122601935
19.56237458127739
19.57085420564793
19.579173059590634
19.587334055461877
19.595340058084293
19.60319388531845
19.610898308636138
19.618456053694835
19.62586980091291
19.633142186045134
19.640275800758168
19.647273193205546
19.654136868601892
19.660869289795986
19.667472877842368
19.673950012571183
19.680303033155948
19.686534238679027
19.69264588869449
19.69864020378814
19.70451936613454
19.71028552005066
19.715940772546176
19.72148719386999
19.72692681805298
19.7322616434467
19.737493633257944
19.74262471607895
19.747656786413227
19.752591705196753
19.757431300314515
19.762177367112262
19.76683166890334
19.771395937470583
19.775871873563144
19.78026114738814
19.78456539909717
19.788786239267537
19.792925249378165
19.796983982280146
19.800963962661914
19.804866687508973
19.808693626558167
19.812446222746466
19.81612589265424
19.819734026943042
19.823271990787845
19.826741124303737
19.830142742967116
19.833478138031325
19.836748576936802
19.839955303715676
19.843099539390884
19.846182482369834
19.84920530883253
19.852169173114362
19.85507520808337
19.85792452551222
19.86071821644476
19.863457351557233
19.866142981514304
19.868776137319674
19.871357830661626
19.873889054253283
19.87637078216778
19.878803970168317
19.881189556033195
19.88352845987577
19.88582158445953
19.888069815508203
19.89027402201099
19.892435056523027
19.894553755461025
19.896630939394228
19.898667413330674
19.90066396699886
19.902621375124827
19.904540397704736
19.906421780272986
19.90826625416592
19.910074536781178
19.911847331832742
19.913585329601762
19.915289207183132
19.916959628727987
19.91859724568208
19.92020269702012
19.921776609476165
19.923319597770053
19.924832264829984
19.92631520201128
19.927768989311367
19.92919419558107
19.93059137873221
19.931961085941655
19.933303853851733
19.934620208767228
19.93591066684886
19.937175734303413
19.93841590757045
19.939631673505833
19.940823509561856
19.941991883964317
19.94313725588634
19.944260075619155
19.94536078473978
19.94643981627574
19.947497594866796
19.948534536923795
19.949551050784606
19.950547536867305
0.0
0.0
0.0
0.0
0.0
0.0
0.0
0.0
0.0
0.0
0.0
0.0
0.0
0.0
0.0
0.0
0.0
0.0
0.0
0.0
0.0
0.0
0.0
0.0
0.0
0.0
0.0
0.0
0.0
0.0
0.0
0.0
0.0
0.0
0.0
0.0
0.0
0.0
0.0
0.0
0.0
0.0
0.0
0.0
0.0
0.0
0.0
0.0
0.0
0.0
0.0
0.0
0.0
0.0
0.0
0.0
0.0
0.0
0.0
0.0
0.0
0.0
0.0
0.0
0.0
0.0
0.0
0.0
0.0
0.0
0.0
0.0
0.0
0.0
0.0
0.0
0.0
0.0
0.0
0.0
0.0
0.0
0.0
0.0
0.0
0.0
0.0
0.0
0.0
0.0
0.0
0.0
0.0
0.0
0.0
0.0
0.0
0.0
0.0
0.0
0.0
0.0
0.0
0.0
0.0
0.0
0.0
0.0
0.0
0.0
0.0
0.0
0.0
0.0
0.0
0.0
0.0
0.0
0.0
0.0
0.0
0.0
0.0
0.0
0.0
0.0
0.0
0.0
0.0
0.0
0.0
0.0
0.0
0.0
0.0
0.0
0.0
0.0
0.0
0.0
0.0
0.0
0.0
0.0
0.0
0.0
0.0
0.0
0.0
0.0
0.0
0.0
0.0
0.0
0.0
0.0
0.0
0.0
0.0
0.0
0.0
0.0
0.0
0.0
0.0
0.0
0.0
0.0
0.0
0.0
0.0
0.0
0.0
0.0
0.0
0.0
0.0
0.0
0.0
0.0
0.0
0.0
0.0
0.0
0.0
0.0
0.0
0.0
0.0
0.0
0.0
0.0
0.0
0.0
0.0
0.0
0.0
0.0
0.0
0.0
0.0
0.0
0.0
0.0
0.0
0.0
0.0
0.0
0.0
0.0
0.0
0.0
0.0
0.0
0.0
0.0
0.0
0.0
0.0
0.0
0.0
0.0
0.0
0.0
0.0
0.0
0.0
0.0
0.0
0.0
0.0
0.0
0.0
0.0
0.0
0.0
0.0
0.0
0.0
0.0
0.0
0.0
0.0
0.0
0.0
0.0
0.0
0.0
0.0
0.0
0.0
0.0
0.0
0.0
0.0
0.0
0.0
0.0
0.0
0.0
0.0
0.0
0.0
0.0
0.0
0.0
0.0
0.0
0.0
0.0
0.0
0.0
0.0
0.0
0.0
0.0
0.0
0.0
0.0
0.0
0.0
0.0
0.0
0.0
0.0
0.0
0.0
0.0
0.0
0.0
0.0
0.0
0.0
0.0
0.0
0.0
0.0
0.0
0.0
0.006707002609329562
0.0068424466952952
0.006980625042201226
0.007121592808646377
0.0072654062643615555
0.0074121228125279305
0.00756180101254076
0.0077145006032275434
0.007870282526529663
0.008029208951656418
0.008191343299721009
0.008356750268867688
0.008525495859900015
0.008697647402419793
0.008873273581487005
0.0090524444648107
0.009235231530481508
0.009421707695256182
0.009611947343405218
0.009806026356134331
0.010004022141591287
0.01020601366546929
0.010412081482218852
0.010622307766879729
0.010836776347545393
0.01105557273847199
0.01127878417384474
0.011506499642214266
0.011738809921616055
0.01197580761538636
0.01221758718868802
0.012464245005759983
0.012715879367904566
0.012972590552226904
0.013234480851140889
0.013501654612656762
0.013774218281465122
0.014052280440833112
0.014335951855328082
0.014625345514385065
0.01492057667673394
0.015221762915703211
0.015529024165416867
0.015842482767901893
0.016162263521123436
0.016488493727965906
0.016821303246177616
0.017160824539297844
0.01750719272858475
0.017860545645963316
0.01822102388801291
0.018588770871014033
0.01896393288707451
0.019346659161355466
0.01973710191041816
0.020135416401712736
0.020541761014230414
0.020956297300341147
0.021379190048839286
0.02181060734921945
0.02225072065720643
0.022699704861561858
0.023157738352192318
0.023625003089582527
0.024101684675578956
0.0245879724255484
0.02508405944193776
0.025590142689260267
0.026106423070535442
0.026633105505208757
0.027170399008579184
0.0277185167727616
0.028277676249212968
0.02884809923285041
0.029430011947790553
0.030023645134739832
0.030629234140065697
0.03124701900657923
0.031877244566060205
0.03252016053355632
0.033176021603488426
0.03384508754759416
0.03452762331474306
0.035223899132656944
0.03593419061156888
0.036658778849856105
0.037397950541680984
0.03815199808667646
0.03892121970171116
0.03970591953477161
0.040506407780997636
0.041323000800909684
0.04215602124086503
0.04300579815578266
0.04387266713417492
0.04475697042552667
0.04565905707006123
0.04657928303093478
0.04751801132889973
0.048475612179479266
0.04945246313269549
0.05044894921539388
0.05146546307620737
0.052502405133203915
0.05356018372426234
0.05463921526022118
0.05573992438084562
0.0568627441136588
0.058008116035684
0.05917649043814456
0.0603683264941685
0.06158409242954601
0.06282426569658855
0.06408933315113755
0.06537979123277234
0.06669614614826688
0.06803891405834528
0.06940862126778662
0.07080580441893007
0.07223101068863096
0.07368479798871978
0.075167735170016
0.07668040222994887
0.07822339052383738
0.07979730297988208
0.08140275431792254
0.08304037127201286
0.08471079281686848
0.0864146703982384
0.08815266816725616
0.08992546321882357
0.0917337458340804
0.09357821972701412
0.09545960229526401
0.09737862487517282
0.09933603300113922
0.10133258666932518
0.10336906060577133
0.10544624453897349
0.10756494347697208
0.10972597798900809
0.11193018449179605
0.11417841554046687
0.11647154012423029
0.1188104439668074
0.12119602983168233
0.12362921783222287
0.12611094574671716
0.1286421693383727
0.13122386268032457
0.13385701848569712
0.1365426484427632
0.1392817835552418
0.14207547448777566
0.14492479191662858
0.14783082688563942
0.15079469116746785
0.15381751763016674
0.15690046060911267
0.1600446962843248
0.16325142306319793
0.1665218619686758
0.16985725703288707
0.17325887569626325
0.17672800921215429
0.18026597305695646
0.1838741073457619
0.18755377725353709
0.19130637344183332
0.1951333124910271
0.1990360373380865
0.20301601771985442
0.20707475062183484
0.21121376073246242
0.21543460090283248
0.2197388526118636
0.2241281264368573
0.22860406252941445
0.23316833109666216
0.23782263288773983
0.24256869968548472
0.24740829480324855
0.25234321358677403
0.25737528392105014
0.26250636674205596
0.2677383565532956
0.27307318194701796
0.2785128061300079
0.2840592274538225
0.2897144799493376
0.2954806338654611
0.30135979621185643
0.307354111305511
0.31346576132097115
0.3196969668440517
0.3260499874288189
0.33252712215763247
0.3391307102040153
0.3458631313981085
0.3527268067944537
0.3597241992418312
0.3668578139548656
0.37413019908709205
0.38154394630516303
0.3891016913638607
0.39680611468154997
0.40465994191570803
0.4126659445381238
0.4208269404093656
0.42914579435207023
0.43762541872260957
0.4462687739806446
0.45507886925607993
0.4640587629128815
0.47321156310922424
0.48254042835338395
0.4920485680547889
0.5017392430695963
0.5116157662401539
0.5216815029276587
0.5319398715373173
0.5423943440352608
0.5530484464564629
0.5639057594028514
0.5749699185307997
0.5862446150271264
0.5977335960727245
0.6094406652928832
0.621369683193348
0.633524567581128
0.64590929396901
0.6585278959627251
0.6713844656296502
0.6844831538479177
0.6978281706347365
0.7114237854527236
0.7252743274929666
0.7393841859335409
0.7537578101721183
0.7683997100313078
0.783314455935287
0.798506679056276
0.8139810714293297
0.8297423860339171
0.8457954368406757
0.8621450988217227
0.8787963079228266
0.8957540609957352
0.9130234156888746
0.9306094902946298
0.9485174635513356
0.9667525743981038
0.9853201216805331
1.00422546380533
1.0234740183418332
1.0430712615683544
1.0630227279612745
1.083334009624721
1.104010755658686
1.125058671463347
1.1464835179773751
1.1682911108479246
1.1904873195300303
1.2130780663130425
1.236069325271772
1.2594671211399295
1.2832775281034792
1.3075066685114525
1.3321607115018137
1.3572458715398898
1.3827684068669368
1.4087346178563414
1.4351508452750272
1.462023468447564
1.4893589033205619
1.517163600424871
1.545444042733197
1.5742067434107048
1.6034582434562459
1.6332051092318933
1.663453929878447
1.694211314614716
1.7254838899183333
1.7572782965860252
1.7896011866712283
1.822459220297123
1.8558590623431397
1.8898073790031864
1.9243108342138566
1.9593760859510791
1.9950097823937027
2.0312185579527338
2.0680090291649913
2.1053877904501963
2.1433614097305633
2.18193642391226
2.221119334228151
2.2609166014415805
2.301334640910996
2.3423798175156114
2.384058440442351
2.426376757834736
2.46934095130448
2.5129571303069125
2.557231326381627
2.6021694872599563
2.6477774708413078
2.6940610390405615
2.7410258515091934
2.788677459233001
2.8370212980097564
2.886062681810374
2.9358067960276477
2.9862586906168747
3.0374232731331863
3.0893053016706937
3.1419093777090557
3.1952399388733808
3.2493012516139226
3.304097403812292
3.3596322973215114
3.415909640447489
3.4729329403801015
3.5307054955823345
3.5892303881465373
3.648510476127127
3.7085483858596437
3.7693465042763887
3.830906971229349
3.8932316718315585
3.9563222288283635
4.020179995010587
4.084806045681835
4.1502011711927125
4.2163658695549415
4.283300339148829
4.351004471537749
4.419477844403757
4.48871971461853
4.558729011464327
4.629504330019646
4.701043924724707
4.773345703141791
4.846407219925903
4.920225671021038
4.994797888097649
5.070120333246757
5.146189093946286
5.2229998783150196
5.300548010669625
5.378828427399902
5.457835673177407
5.537563897512204
5.6180068516723205
5.699157885980205
5.781009947499919
5.863555578128649
5.946786913105369
6.030695679949225
6.115273197839389
6.200510377447752
6.2863977212349225
6.37292532421949
6.4600828752295385
6.547859658644792
6.636244556636677
6.725226051912949
6.814792230972291
6.904930787873616
6.995629028523458
7.086873875484093
7.178651873303659
7.270949194368675
7.363751645277966
7.457044673736091
7.550813375962909
7.645042504615017
7.739716477213291
7.834819385069709
7.9303350027054735
8.026246797750959
8.122537941317146
8.219191318826697
8.316189541291854
8.41351495702501
8.51114966376682
8.60907552121542
8.707274163939417
8.805727014656139
8.904415297855707
9.003320053750441
9.102422152528401
9.201702308888684
9.301141096835712
9.400718964708565
9.500416250421202
9.600213196888365
9.7000899676118
9.800026662400692
9.900003333200008
10.0
10.099996666799992
10.199973337599305
10.299910032388203
10.399786803111637
10.499583749578798
10.59928103529143
10.698858903164291
10.798297691111314
10.8975778474716
10.996679946249555
11.095584702144299
11.19427298534386
11.292725836060582
11.390924478784576
11.488850336233183
11.58648504297499
11.683810458708146
11.7808086811733
11.877462058682857
11.973753202249041
12.069664997294524
12.165180614930286
12.260283522786713
12.354957495384982
12.449186624037091
12.54295532626391
12.63624835472203
12.729050805631328
12.821348126696341
12.913126124515909
13.004370971476538
13.095069212126386
13.18520776902771
13.27477394808705
13.363755443363319
13.452140341355213
13.539917124770461
13.62707467578051
13.713602278765073
13.799489622552251
13.88472680216061
13.969304320050773
14.053213086894626
14.136444421871355
14.21899005250008
14.300842114019794
14.381993148327675
14.4624361024878
14.542164326822592
14.621171572600097
14.699451989330376
14.777000121684976
14.853810906053718
14.929879666753243
15.005202111902351
15.079774328978958
15.1535927800741
15.226654296858209
15.298956075275294
15.370495669980352
15.441270988535678
15.511280285381472
15.580522155596242
15.64899552846225
15.716699660851173
15.783634130445058
15.849798828807286
15.915193954318163
15.979820004989415
16.043677771171637
16.106768328168442
16.16909302877065
16.230653495723615
16.291451614140357
16.35148952387287
16.41076961185346
16.469294504417665
16.5270670596199
16.584090359552512
16.64036770267849
16.695902596187704
16.750698748386082
16.80476006112662
16.858090622290945
16.910694698329305
16.962576726866818
17.013741309383125
17.06419320397235
17.113937318189624
17.162978701990244
17.211322540767
17.258974148490804
17.305938960959438
17.352222529158695
17.397830512740043
17.442768673618374
17.487042869693084
17.530659048695522
17.573623242165265
17.615941559557648
17.65762018248439
17.698665359089002
17.73908339855842
17.778880665771847
17.81806357608774
17.856638590269434
17.894612209549805
17.931990970835006
17.968781442047266
18.0049902176063
18.040623914048922
18.075689165786144
18.110192620996816
18.144140937656857
18.17754077970288
18.210398813328773
18.242721703413977
18.274516110081667
18.305788685385284
18.336546070121553
18.36679489076811
18.396541756543755
18.425793256589298
18.454555957266802
18.48283639957513
18.51064109667944
18.537976531552435
18.56484915472497
18.59126538214366
18.617231593133063
18.642754128460112
18.667839288498186
18.692493331488546
18.71672247189652
18.74053287886007
18.76393067472823
18.78692193368696
18.809512680469968
18.831708889152072
18.853516482022627
18.874941328536654
18.895989244341315
18.91666599037528
18.936977272038725
18.956928738431646
18.976525981658167
18.995774536194666
19.01467987831947
19.033247425601896
19.051482536448667
19.069390509705368
19.086976584311124
19.10424593900427
19.121203692077174
19.137854901178276
19.154204563159325
19.170257613966083
19.18601892857067
19.201493320943722
19.216685544064713
19.231600289968693
19.246242189827882
19.26061581406646
19.274725672507035
19.288576214547277
19.30217182936526
19.315516846152082
19.32861553437035
19.341472104037276
19.35409070603099
19.366475432418873
19.378630316806653
19.390559334707117
19.40226640392728
19.413755384972873
19.4250300814692
19.43609424059715
19.44695155354354
19.457605655964738
19.46806012846268
19.47831849707234
19.48838423375985
19.498260756930403
19.50795143194521
19.517459571646615
19.526788436890776
19.535941237087115
19.54492113074392
19.55373122601935
19.56237458127739
19.57085420564793
19.579173059590634
19.587334055461877
19.595340058084293
19.60319388531845
19.610898308636138
19.618456053694835
19.62586980091291
19.633142186045134
19.640275800758168
19.647273193205546
19.654136868601892
19.660869289795986
19.667472877842368
19.673950012571183
19.680303033155948
19.686534238679027
19.69264588869449
19.69864020378814
19.70451936613454
19.71028552005066
19.715940772546176
19.72148719386999
19.72692681805298
19.7322616434467
19.737493633257944
19.74262471607895
19.747656786413227
19.752591705196753
19.757431300314515
19.762177367112262
19.76683166890334
19.771395937470583
19.775871873563144
19.78026114738814
19.78456539909717
19.788786239267537
19.792925249378165
19.796983982280146
19.800963962661914
19.804866687508973
19.808693626558167
19.812446222746466
19.81612589265424
19.819734026943042
19.823271990787845
19.826741124303737
19.830142742967116
19.833478138031325
19.836748576936802
19.839955303715676
19.843099539390884
19.846182482369834
19.84920530883253
19.852169173114362
19.85507520808337
19.85792452551222
19.86071821644476
19.863457351557233
19.866142981514304
19.868776137319674
19.871357830661626
19.873889054253283
19.87637078216778
19.878803970168317
19.881189556033195
19.88352845987577
19.88582158445953
19.888069815508203
19.89027402201099
19.892435056523027
19.894553755461025
19.896630939394228
19.898667413330674
19.90066396699886
19.902621375124827
19.904540397704736
19.906421780272986
19.90826625416592
19.910074536781178
19.911847331832742
19.913585329601762
19.915289207183132
19.916959628727987
19.91859724568208
19.92020269702012
19.921776609476165
19.923319597770053
19.924832264829984
19.92631520201128
19.927768989311367
19.92919419558107
19.93059137873221
19.931961085941655
19.933303853851733
19.934620208767228
19.93591066684886
19.937175734303413
19.93841590757045
19.939631673505833
19.940823509561856
19.941991883964317
19.94313725588634
19.944260075619155
19.94536078473978
19.94643981627574
19.947497594866796
19.948534536923795
19.949551050784606
19.950547536867305
19.951524387820523
19.9524819886711
19.953420716969063
19.95434094292994
19.955243029574472
19.956127332865822
19.956994201844218
19.957843978759133
19.958676999199092
19.959493592219
19.96029408046523
19.961078780298287
19.961848001913324
19.96260204945832
19.963341221150145
19.96406580938843
19.964776100867343
19.965472376685256
19.966154912452403
19.966823978396512
19.967479839466446
19.96812275543394
19.968752980993422
19.96937076585993
19.96997635486526
19.97056998805221
19.97115190076715
19.971722323750786
19.972281483227242
19.97282960099142
19.973366894494788
19.973893576929463
19.974409857310743
19.974915940558063
19.975412027574453
19.975898315324418
19.976374996910415
19.976842261647807
19.97730029513844
19.977749279342795
19.97818939265078
19.97862080995116
19.97904370269966
19.97945823898577
19.97986458359829
19.98026289808958
19.980653340838646
19.981036067112925
19.981411229128987
19.98177897611199
19.982139454354034
19.982492807271413
19.9828391754607
19.98317869675382
19.983511506272034
19.98383773647888
19.984157517232095
19.984470975834583
19.984778237084296
19.985079423323267
19.985374654485614
19.98566404814467
19.985947719559164
19.986225781718534
19.986498345387346
19.98676551914886
19.987027409447773
19.987284120632097
19.98753575499424
19.987782412811313
19.98802419238461
19.988261190078386
19.988493500357784
19.988721215826157
19.98894442726153
19.989163223652454
19.98937769223312
19.98958791851778
19.98979398633453
19.98999597785841
19.990193973643866
19.990388052656595
19.990578292304743
19.990764768469518
19.99094755553519
19.991126726418514
19.99130235259758
19.991474504140097
19.991643249731133
19.99180865670028
19.991970791048345
19.992129717473468
19.992285499396772
19.99243819898746
19.99258787718747
19.992734593735637
19.992878407191352
19.9930193749578
19.993157553304705
19.99329299739067
0.0
0.0
0.0
0.0
0.0
0.0
0.0
0.0
0.0
0.0
0.0
0.0
0.0
0.0
0.0
0.0
0.0
0.0
0.0
0.0
0.0
0.0
0.0
0.0
0.0
0.0
0.0
0.0
0.0
0.0
0.0
0.0
0.0
0.0
0.0
0.0
0.0
0.0
0.0
0.0
0.0
0.0
0.0
0.0
0.0
0.0
0.0
0.0
0.0
0.0
0.0
0.0
0.0
0.0
0.0
0.0
0.0
0.0
0.0
0.0
0.0
0.0
0.0
0.0
0.0
0.0
0.0
0.0
0.0
0.0
0.0
0.0
0.0
0.0
0.0
0.0
0.0
0.0
0.0
0.0
0.0
0.0
0.0
0.0
0.0
0.0
0.0
0.0
0.0
0.0
0.0
0.0
0.0
0.0
0.0
0.0
0.0
0.0
0.0
0.0
0.0
0.0
0.0
0.0
0.0
0.0
0.0
0.0
0.0
0.0
0.0
0.0
0.0
0.0
0.0
0.0
0.0
0.0
0.0
0.0
0.0
0.0
0.0
0.0
0.0
0.0
0.0
0.0
0.0
0.0
0.0
0.0
0.0
0.0
0.0
0.0
0.0
0.0
0.0
0.0
0.0
0.0
0.0
0.0
0.0
0.0
0.0
0.0
0.0
0.0
0.0
0.0
0.0
0.0
0.0
0.0
0.0
0.0
0.0
0.0
0.0
0.0
0.0
0.0
0.0
0.0
0.0
0.0
0.0
0.0
0.0
0.0
0.0
0.0
0.0
0.0
0.0
0.0
0.0
0.0
0.0
0.0
0.0
0.0
0.0
0.0
0.0
0.0
0.0
0.0
0.0
0.0
0.0
0.0
0.0
0.0
0.0
0.0
0.0
0.006707002609329562
0.0068424466952952
0.006980625042201226
0.007121592808646377
0.0072654062643615555
0.0074121228125279305
0.00756180101254076
0.0077145006032275434
0.007870282526529663
0.008029208951656418
0.008191343299721009
0.008356750268867688
0.008525495859900015
0.008697647402419793
0.008873273581487005
0.0090524444648107
0.009235231530481508
0.009421707695256182
0.009611947343405218
0.009806026356134331
0.010004022141591287
0.01020601366546929
0.010412081482218852
0.010622307766879729
0.010836776347545393
0.01105557273847199
0.01127878417384474
0.011506499642214266
0.011738809921616055
0.01197580761538636
0.01221758718868802
0.012464245005759983
0.012715879367904566
0.012972590552226904
0.013234480851140889
0.013501654612656762
0.013774218281465122
0.014052280440833112
0.014335951855328082
0.014625345514385065
0.01492057667673394
0.015221762915703211
0.015529024165416867
0.015842482767901893
0.016162263521123436
0.016488493727965906
0.016821303246177616
0.017160824539297844
0.01750719272858475
0.017860545645963316
0.01822102388801291
0.018588770871014033
0.01896393288707451
0.019346659161355466
0.01973710191041816
0.020135416401712736
0.020541761014230414
0.020956297300341147
0.021379190048839286
0.02181060734921945
0.02225072065720643
0.022699704861561858
0.023157738352192318
0.023625003089582527
0.024101684675578956
0.0245879724255484
0.02508405944193776
0.025590142689260267
0.026106423070535442
0.026633105505208757
0.027170399008579184
0.0277185167727616
0.028277676249212968
0.02884809923285041
0.029430011947790553
0.030023645134739832
0.030629234140065697
0.03124701900657923
0.031877244566060205
0.03252016053355632
0.033176021603488426
0.03384508754759416
0.03452762331474306
0.035223899132656944
0.03593419061156888
0.036658778849856105
0.037397950541680984
0.03815199808667646
0.03892121970171116
0.03970591953477161
0.040506407780997636
0.041323000800909684
0.04215602124086503
0.04300579815578266
0.04387266713417492
0.04475697042552667
0.04565905707006123
0.04657928303093478
0.04751801132889973
0.048475612179479266
0.04945246313269549
0.05044894921539388
0.05146546307620737
0.052502405133203915
0.05356018372426234
0.05463921526022118
0.05573992438084562
0.0568627441136588
0.058008116035684
0.05917649043814456
0.0603683264941685
0.06158409242954601
0.06282426569658855
0.06408933315113755
0.06537979123277234
0.06669614614826688
0.06803891405834528
0.06940862126778662
0.07080580441893007
0.07223101068863096
0.07368479798871978
0.075167735170016
0.07668040222994887
0.07822339052383738
0.07979730297988208
0.08140275431792254
0.08304037127201286
0.08471079281686848
0.0864146703982384
0.08815266816725616
0.08992546321882357
0.0917337458340804
0.09357821972701412
0.09545960229526401
0.09737862487517282
0.09933603300113922
0.10133258666932518
0.10336906060577133
0.10544624453897349
0.10756494347697208
0.10972597798900809
0.11193018449179605
0.11417841554046687
0.11647154012423029
0.1188104439668074
0.12119602983168233
0.12362921783222287
0.12611094574671716
0.1286421693383727
0.13122386268032457
0.13385701848569712
0.1365426484427632
0.1392817835552418
0.14207547448777566
0.14492479191662858
0.14783082688563942
0.15079469116746785
0.15381751763016674
0.15690046060911267
0.1600446962843248
0.16325142306319793
0.1665218619686758
0.16985725703288707
0.17325887569626325
0.17672800921215429
0.18026597305695646
0.1838741073457619
0.18755377725353709
0.19130637344183332
0.1951333124910271
0.1990360373380865
0.20301601771985442
0.20707475062183484
0.21121376073246242
0.21543460090283248
0.2197388526118636
0.2241281264368573
0.22860406252941445
0.23316833109666216
0.23782263288773983
0.24256869968548472
0.24740829480324855
0.25234321358677403
0.25737528392105014
0.26250636674205596
0.2677383565532956
0.27307318194701796
0.2785128061300079
0.2840592274538225
0.2897144799493376
0.2954806338654611
0.30135979621185643
0.307354111305511
0.31346576132097115
0.3196969668440517
0.3260499874288189
0.33252712215763247
0.3391307102040153
0.3458631313981085
0.3527268067944537
0.3597241992418312
6.666666666666667
6.666666666666667
6.666666666666667
6.666666666666667
6.666666666666667
6.666666666666667
6.666666666666667
6.666666666666667
6.666666666666667
6.666666666666667
6.666666666666667
6.666666666666667
6.666666666666667
6.666666666666667
6.666666666666667
6.666666666666667
6.666666666666667
6.666666666666667
6.666666666666667
6.666666666666667
6.666666666666667
6.666666666666667
6.666666666666667
6.666666666666667
6.666666666666667
6.666666666666667
6.666666666666667
6.666666666666667
6.666666666666667
6.666666666666667
6.666666666666667
6.666666666666667
6.666666666666667
6.666666666666667
6.666666666666667
6.666666666666667
6.666666666666667
6.666666666666667
6.666666666666667
6.666666666666667
6.666666666666667
6.666666666666667
6.666666666666667
6.666666666666667
6.666666666666667
6.666666666666667
6.666666666666667
6.666666666666667
6.666666666666667
6.666666666666667
6.666666666666667
6.666666666666667
6.666666666666667
6.666666666666667
6.666666666666667
6.666666666666667
6.666666666666667
6.666666666666667
6.666666666666667
6.666666666666667
6.666666666666667
6.666666666666667
6.666666666666667
6.666666666666667
6.666666666666667
6.666666666666667
6.666666666666667
6.666666666666667
6.666666666666667
6.666666666666667
6.666666666666667
6.666666666666667
6.666666666666667
6.666666666666667
6.666666666666667
6.666666666666667
6.666666666666667
6.666666666666667
6.666666666666667
6.666666666666667
6.666666666666667
6.666666666666667
6.666666666666667
6.666666666666667
6.666666666666667
6.666666666666667
6.666666666666667
6.666666666666667
6.666666666666667
6.666666666666667
6.666666666666667
6.666666666666667
6.666666666666667
6.666666666666667
6.666666666666667
6.666666666666667
6.666666666666667
6.666666666666667
6.666666666666667
6.666666666666667
6.666666666666667
6.666666666666667
6.666666666666667
6.666666666666667
6.666666666666667
6.666666666666667
6.666666666666667
6.666666666666667
6.666666666666667
6.666666666666667
6.666666666666667
6.666666666666667
6.666666666666667
6.666666666666667
6.666666666666667
6.666666666666667
6.666666666666667
6.666666666666667
6.666666666666667
6.666666666666667
6.666666666666667
6.666666666666667
6.666666666666667
6.666666666666667
6.666666666666667
6.666666666666667
6.666666666666667
6.666666666666667
6.666666666666667
6.666666666666667
6.666666666666667
6.666666666666667
6.666666666666667
6.666666666666667
6.666666666666667
6.666666666666667
6.666666666666667
6.666666666666667
6.666666666666667
6.666666666666667
6.666666666666667
6.666666666666667
6.666666666666667
6.666666666666667
6.666666666666667
6.666666666666667
6.666666666666667
6.666666666666667
6.666666666666667
6.666666666666667
6.666666666666667
6.666666666666667
6.666666666666667
6.666666666666667
6.666666666666667
6.666666666666667
6.666666666666667
6.666666666666667
6.666666666666667
6.666666666666667
6.666666666666667
6.666666666666667
6.666666666666667
6.666666666666667
6.666666666666667
6.725226051912949
6.814792230972291
6.904930787873616
6.995629028523458
7.086873875484093
7.178651873303659
7.270949194368675
7.363751645277966
7.457044673736091
7.550813375962909
7.645042504615017
7.739716477213291
7.834819385069709
7.9303350027054735
8.026246797750959
8.122537941317146
8.219191318826697
8.316189541291854
8.41351495702501
8.51114966376682
8.60907552121542
8.707274163939417
8.805727014656139
8.904415297855707
9.003320053750441
9.102422152528401
9.201702308888684
9.301141096835712
9.400718964708565
9.500416250421202
9.600213196888365
9.7000899676118
9.800026662400692
9.900003333200008
10.0
10.099996666799992
10.199973337599305
10.299910032388203
10.399786803111637
10.499583749578798
10.59928103529143
10.698858903164291
10.798297691111314
10.8975778474716
10.996679946249555
11.095584702144299
11.19427298534386
11.292725836060582
11.390924478784576
11.488850336233183
11.58648504297499
11.683810458708146
11.7808086811733
11.877462058682857
11.973753202249041
12.069664997294524
12.165180614930286
12.260283522786713
12.354957495384982
12.449186624037091
12.54295532626391
12.63624835472203
12.729050805631328
12.821348126696341
12.913126124515909
13.004370971476538
13.095069212126386
13.18520776902771
13.27477394808705
13.363755443363319
13.452140341355213
13.539917124770461
13.62707467578051
13.713602278765073
13.799489622552251
13.88472680216061
13.969304320050773
14.053213086894626
14.136444421871355
14.21899005250008
14.300842114019794
14.381993148327675
14.4624361024878
14.542164326822592
14.621171572600097
14.699451989330376
14.777000121684976
14.853810906053718
14.929879666753243
15.005202111902351
15.079774328978958
15.1535927800741
15.226654296858209
15.298956075275294
15.370495669980352
15.441270988535678
15.511280285381472
15.580522155596242
15.64899552846225
15.716699660851173
15.783634130445058
15.849798828807286
15.915193954318163
15.979820004989415
16.043677771171637
16.106768328168442
16.16909302877065
16.230653495723615
16.291451614140357
16.35148952387287
16.41076961185346
16.469294504417665
16.5270670596199
16.584090359552512
16.64036770267849
16.695902596187704
16.750698748386082
16.80476006112662
16.858090622290945
16.910694698329305
16.962576726866818
17.013741309383125
17.06419320397235
17.113937318189624
17.162978701990244
17.211322540767
17.258974148490804
17.305938960959438
17.352222529158695
17.397830512740043
17.442768673618374
17.487042869693084
17.530659048695522
17.573623242165265
17.615941559557648
17.65762018248439
17.698665359089002
17.73908339855842
17.778880665771847
17.81806357608774
17.856638590269434
17.894612209549805
17.931990970835006
17.968781442047266
18.0049902176063
18.040623914048922
18.075689165786144
18.110192620996816
18.144140937656857
18.17754077970288
18.210398813328773
18.242721703413977
18.274516110081667
18.305788685385284
18.336546070121553
18.36679489076811
18.396541756543755
18.425793256589298
18.454555957266802
18.48283639957513
18.51064109667944
18.537976531552435
18.56484915472497
18.59126538214366
18.617231593133063
18.642754128460112
18.667839288498186
18.692493331488546
18.71672247189652
18.74053287886007
18.76393067472823
18.78692193368696
18.809512680469968
18.831708889152072
18.853516482022627
18.874941328536654
18.895989244341315
18.91666599037528
18.936977272038725
18.956928738431646
18.976525981658167
18.995774536194666
19.01467987831947
19.033247425601896
19.051482536448667
19.069390509705368
19.086976584311124
19.10424593900427
19.121203692077174
19.137854901178276
19.154204563159325
19.170257613966083
19.18601892857067
19.201493320943722
19.216685544064713
19.231600289968693
19.246242189827882
19.26061581406646
19.274725672507035
19.288576214547277
19.30217182936526
19.315516846152082
19.32861553437035
19.341472104037276
19.35409070603099
19.366475432418873
19.378630316806653
19.390559334707117
19.40226640392728
19.413755384972873
19.4250300814692
19.43609424059715
19.44695155354354
19.457605655964738
19.46806012846268
19.47831849707234
19.48838423375985
19.498260756930403
19.50795143194521
19.517459571646615
19.526788436890776
19.535941237087115
19.54492113074392
19.55373122601935
19.56237458127739
19.57085420564793
19.579173059590634
19.587334055461877
19.595340058084293
19.60319388531845
19.610898308636138
19.618456053694835
19.62586980091291
19.633142186045134
19.640275800758168
19.647273193205546
19.654136868601892
19.660869289795986
19.667472877842368
19.673950012571183
19.680303033155948
19.686534238679027
19.69264588869449
19.69864020378814
19.70451936613454
19.71028552005066
19.715940772546176
19.72148719386999
19.72692681805298
19.7322616434467
19.737493633257944
19.74262471607895
19.747656786413227
19.752591705196753
19.757431300314515
19.762177367112262
19.76683166890334
19.771395937470583
19.775871873563144
19.78026114738814
19.78456539909717
19.788786239267537
19.792925249378165
19.796983982280146
19.800963962661914
19.804866687508973
19.808693626558167
19.812446222746466
19.81612589265424
19.819734026943042
19.823271990787845
19.826741124303737
19.830142742967116
19.833478138031325
19.836748576936802
19.839955303715676
19.843099539390884
19.846182482369834
19.84920530883253
19.852169173114362
19.85507520808337
19.85792452551222
19.86071821644476
19.863457351557233
19.866142981514304
19.868776137319674
19.871357830661626
19.873889054253283
19.87637078216778
19.878803970168317
19.881189556033195
19.88352845987577
19.88582158445953
19.888069815508203
19.89027402201099
19.892435056523027
19.894553755461025
19.896630939394228
19.898667413330674
19.90066396699886
19.902621375124827
19.904540397704736
19.906421780272986
19.90826625416592
19.910074536781178
19.911847331832742
19.913585329601762
19.915289207183132
19.916959628727987
19.91859724568208
19.92020269702012
19.921776609476165
19.923319597770053
19.924832264829984
19.92631520201128
19.927768989311367
19.92919419558107
19.93059137873221
19.931961085941655
19.933303853851733
19.934620208767228
19.93591066684886
19.937175734303413
19.93841590757045
19.939631673505833
19.940823509561856
19.941991883964317
19.94313725588634
19.944260075619155
19.94536078473978
19.94643981627574
19.947497594866796
19.948534536923795
19.949551050784606
19.950547536867305
19.951524387820523
19.9524819886711
19.953420716969063
19.95434094292994
19.955243029574472
19.956127332865822
19.956994201844218
19.957843978759133
19.958676999199092
19.959493592219
19.96029408046523
19.961078780298287
19.961848001913324
19.96260204945832
19.963341221150145
19.96406580938843
19.964776100867343
19.965472376685256
19.966154912452403
19.966823978396512
19.967479839466446
19.96812275543394
19.968752980993422
19.96937076585993
19.96997635486526
19.97056998805221
19.97115190076715
19.971722323750786
19.972281483227242
19.97282960099142
19.973366894494788
19.973893576929463
19.974409857310743
19.974915940558063
19.975412027574453
19.975898315324418
19.976374996910415
19.976842261647807
19.97730029513844
19.977749279342795
19.97818939265078
19.97862080995116
19.97904370269966
19.97945823898577
19.97986458359829
19.98026289808958
19.980653340838646
19.981036067112925
19.981411229128987
19.98177897611199
19.982139454354034
19.982492807271413
19.9828391754607
19.98317869675382
19.983511506272034
19.98383773647888
19.984157517232095
19.984470975834583
19.984778237084296
19.985079423323267
19.985374654485614
19.98566404814467
19.985947719559164
19.986225781718534
19.986498345387346
19.98676551914886
19.987027409447773
19.987284120632097
19.98753575499424
19.987782412811313
19.98802419238461
19.988261190078386
19.988493500357784
19.988721215826157
19.98894442726153
19.989163223652454
19.98937769223312
19.98958791851778
19.98979398633453
19.98999597785841
19.990193973643866
19.990388052656595
19.990578292304743
19.990764768469518
19.99094755553519
19.991126726418514
19.99130235259758
19.991474504140097
19.991643249731133
19.99180865670028
19.991970791048345
19.992129717473468
19.992285499396772
19.99243819898746
19.99258787718747
19.992734593735637
19.992878407191352
19.9930193749578
19.993157553304705
19.99329299739067
0.0
0.0
0.0
0.0
0.0
0.0
0.0
0.0
0.0
0.0
0.0
0.0
0.0
0.0
0.0
0.0
0.0
0.0
0.0
0.0
0.0
0.0
0.0
0.0
0.0
0.0
0.0
0.0
0.0
0.0
0.0
0.0
0.0
0.0
0.0
0.0
0.0
0.0
0.0
0.0
0.0
0.0
0.0
0.0
0.0
0.0
0.0
0.0
0.0
0.0
0.0
0.0
0.0
0.0
0.0
0.0
0.0
0.0
0.0
0.0
0.0
0.0
0.0
0.0
0.0
0.0
0.0
0.0
0.0
0.0
0.0
0.0
0.0
0.0
0.0
0.0
0.0
0.0
0.0
0.0
0.0
0.0
0.0
0.0
0.0
0.0
0.0
0.0
0.0
0.0
0.0
0.0
0.0
0.0
0.0
0.0
0.0
0.0
0.0
0.0
0.0
0.0
0.0
0.0
0.0
0.0
0.0
0.0
0.0
0.0
0.0
0.0
0.0
0.0
0.0
0.0
0.0
0.0
0.0
0.0
0.0
0.0
0.0
0.0
0.0
0.0
0.0
0.0
0.0
0.0
0.0
0.0
0.0
0.0
0.0
0.0
0.0
0.0
0.0
0.0
0.0
0.0
0.0
0.0
0.0
0.0
0.0
0.0
0.0
0.0
0.0
0.0
0.0
0.0
0.0
0.0
0.0
0.0
0.0
0.0
0.0
0.0
0.0
0.0
0.0
0.0
0.0
0.0
0.0
0.0
0.0
0.0
0.0
0.0
0.0
0.0
0.0
0.0
0.0
0.0
0.0
0.0
0.0
0.0
0.0
0.0
0.0
0.0
0.0
0.0
0.0
0.0
0.0
0.0
0.0
0.0
0.0
0.0
0.0