-6.095
-6.100
-6.100
-6.095
-6.095
-6.100
-6.105
-6.105
-6.115
-6.105
-6.100
-6.095
-6.090
-6.080
-6.075
-6.065
-6.060
-6.035
-6.015
-6.000
-5.975
-5.955
-5.920
-5.890
-5.865
-5.830
-5.805
-5.775
-5.750
-5.725
-5.705
-5.695
-5.680
-5.670
-5.655
-5.640
-5.635
-5.635
-5.640
-5.640
-5.640
-5.650
-5.660
-5.680
-5.700
-5.710
-5.710
-5.715
-5.720
-5.730
-5.735
-5.740
-5.770
-5.780
-5.775
-5.780
-5.790
-5.785
-5.790
-5.800
-5.810
-5.815
-5.800
-5.805
-5.815
-5.820
-5.820
-5.820
-5.825
-5.820
-5.830
-5.830
-5.820
-5.810
-5.815
-5.820
-5.820
-5.815
-5.815
-5.800
-5.790
-5.780
-5.770
-5.760
-5.755
-5.760
-5.765
-5.760
-5.760
-5.750
-5.740
-5.720
-5.700
-5.690
-5.695
-5.700
-5.695
-5.700
-5.710
-5.710
-5.720
-5.735
-5.755
-5.775
-5.790
-5.800
-5.825
-5.840
-5.845
-5.850
-5.860
-5.875
-5.865
-5.860
-5.855
-5.840
-5.840
-5.840
-5.840
-5.835
-5.855
-5.855
-5.815
-5.695
-5.555
-5.345
-5.015
-4.620
-4.265
-4.055
-3.985
-4.000
-4.175
-4.455
-4.870
-5.320
-5.775
-6.100
-6.245
-6.245
-6.245
-6.245
-6.245
-6.210
-6.155
-6.105
-6.070
-6.065
-6.060
-6.045
-6.020
-6.010
-6.005
-6.015
-6.015
-6.010
-6.010
-6.010
-6.010
-6.000
-5.985
-5.980
-5.975
-5.960
-5.960
-5.940
-5.905
-5.875
-5.865
-5.825
-5.770
-5.730
-5.690
-5.655
-5.620
-5.610
-5.585
-5.570
-5.550
-5.520
-5.485
-5.465
-5.460
-5.465
-5.480
-5.500
-5.520
-5.530
-5.550
-5.565
-5.575
-5.595
-5.610
-5.635
-5.660
-5.695
-5.720
-5.725
-5.750
-5.760
-5.775
-5.785
-5.800
-5.800
-5.810
-5.810
-5.825
-5.845
-5.865
-5.870
-5.860
-5.870
-5.865
-5.875
-5.870
-5.875
-5.880
-5.870
-5.860
-5.850
-5.845
-5.840
-5.830
-5.820
-5.810
-5.810
-5.805
-5.805
-5.800
-5.800
-5.795
-5.785
-5.760
-5.750
-5.750
-5.745
-5.755
-5.755
-5.740
-5.720
-5.705
-5.690
-5.690
-5.700
-5.715
-5.715
-5.715
-5.720
-5.740
-5.760
-5.780
-5.795
-5.815
-5.835
-5.860
-5.890
-5.890
-5.880
-5.885
-5.885
-5.890
-5.895
-5.885
-5.885
-5.880
-5.875
-5.870
-5.880
-5.895
-5.900
-5.855
-5.735
-5.595
-5.400
-5.105
-4.710
-4.340
-4.105
-4.010
-4.020
-4.200
-4.505
-4.935
-5.395
-5.840
-6.150
-6.250
-6.240
-6.240
-6.235
-6.215
-6.170
-6.120
-6.085
-6.075
-6.065
-6.060
-6.055
-6.055
-6.055
-6.050
-6.045
-6.035
-6.030
-6.025
-6.015
-6.015
-6.005
-6.000
-5.990
-5.990
-5.970
-5.955
-5.940
-5.915
-5.885
-5.865
-5.840
-5.800
-5.765
-5.725
-5.680
-5.635
-5.615
-5.580
-5.560
-5.545
-5.520
-5.515
-5.505
-5.510
-5.505
-5.500
-5.510
-5.520
-5.540
-5.550
-5.565
-5.580
-5.600
-5.620
-5.640
-5.665
-5.690
-5.710
-5.725
-5.740
-5.755
-5.765
-5.775
-5.780
-5.790
-5.800
-5.810
-5.815
-5.810
-5.815
-5.820
-5.835
-5.835
-5.835
-5.835
-5.835
-5.830
-5.825
-5.820
-5.810
-5.810
-5.805
-5.805
-5.800
-5.795
-5.785
-5.770
-5.760
-5.760
-5.760
-5.745
-5.735
-5.725
-5.715
-5.695
-5.685
-5.680
-5.680
-5.680
-5.680
-5.670
-5.650
-5.630
-5.625
-5.635
-5.635
-5.635
-5.635
-5.640
-5.660
-5.680
-5.700
-5.715
-5.725
-5.740
-5.760
-5.780
-5.795
-5.805
-5.825
-5.845
-5.865
-5.895
-5.920
-5.925
-5.885
-5.805
-5.705
-5.580
-5.425
-5.230
-4.970
-4.650
-4.360
-4.140
-4.000
-3.940
-3.960
-4.075
-4.340
-4.800
-5.270
-5.640
-5.835
-6.005
-6.130
-6.200
-6.215
-6.165
-6.075
-6.025
-6.005
-6.005
-6.005
-6.005
-6.005
-6.015
-6.015
-6.020
-6.025
-6.035
-6.045
-6.045
-6.050
-6.050
-6.055
-6.060
-6.065
-6.065
-6.070
-6.070
-6.065
-6.065
-6.055
-6.045
-6.035
-6.010
-5.990
-5.965
-5.935
-5.905
-5.880
-5.850
-5.825
-5.795
-5.760
-5.735
-5.700
-5.680
-5.660
-5.640
-5.635
-5.625
-5.625
-5.615
-5.610
-5.615
-5.615
-5.620
-5.615
-5.625
-5.630
-5.635
-5.640
-5.655
-5.660
-5.670
-5.680
-5.690
-5.700
-5.715
-5.720
-5.735
-5.740
-5.750
-5.755
-5.760
-5.765
-5.775
-5.785
-5.795
-5.800
-5.800
-5.800
-5.800
-5.800
-5.800
-5.800
-5.795
-5.795
-5.790
-5.785
-5.785
-5.780
-5.780
-5.770
-5.770
-5.760
-5.755
-5.740
-5.730
-5.720
-5.705
-5.695
-5.690
-5.690
-5.700
-5.690
-5.680
-5.655
-5.635
-5.620
-5.625
-5.630
-5.630
-5.630
-5.635
-5.645
-5.665
-5.685
-5.700
-5.725
-5.750
-5.760
-5.790
-5.805
-5.810
-5.810
-5.815
-5.815
-5.815
-5.810
-5.805
-5.800
-5.800
-5.805
-5.805
-5.805
-5.825
-5.835
-5.785
-5.665
-5.525
-5.360
-5.060
-4.665
-4.300
-4.080
-4.000
-4.040
-4.240
-4.555
-4.965
-5.440
-5.855
-6.115
-6.190
-6.180
-6.180
-6.170
-6.130
-6.070
-6.015
-5.985
-5.980
-5.975
-5.970
-5.970
-5.960
-5.955
-5.955
-5.960
-5.960
-5.960
-5.960
-5.955
-5.950
-5.945
-5.940
-5.930
-5.915
-5.895
-5.880
-5.855
-5.825
-5.795
-5.760
-5.730
-5.695
-5.660
-5.625
-5.590
-5.560
-5.535
-5.515
-5.495
-5.465
-5.445
-5.430
-5.415
-5.405
-5.400
-5.400
-5.410
-5.425
-5.440
-5.460
-5.475
-5.495
-5.520
-5.550
-5.575
-5.600
-5.620
-5.645
-5.665
-5.685
-5.700
-5.720
-5.735
-5.750
-5.765
-5.775
-5.790
-5.805
-5.815
-5.820
-5.825
-5.830
-5.835
-5.835
-5.835
-5.835
-5.830
-5.820
-5.820
-5.820
-5.815
-5.805
-5.805
-5.800
-5.800
-5.795
-5.790
-5.780
-5.765
-5.750
-5.740
-5.730
-5.725
-5.725
-5.725
-5.710
-5.695
-5.670
-5.645
-5.635
-5.635
-5.645
-5.645
-5.645
-5.650
-5.660
-5.675
-5.690
-5.710
-5.730
-5.755
-5.780
-5.800
-5.820
-5.835
-5.840
-5.850
-5.855
-5.855
-5.860
-5.865
-5.870
-5.870
-5.870
-5.865
-5.860
-5.870
-5.885
-5.890
-5.825
-5.695
-5.555
-5.355
-5.030
-4.630
-4.300
-4.120
-4.080
-4.135
-4.355
-4.665
-5.080
-5.525
-5.930
-6.200
-6.300
-6.285
-6.280
-6.280
-6.255
-6.190
-6.120
-6.065
-6.045
-6.040
-6.035
-6.030
-6.025
-6.025
-6.030
-6.030
-6.025
-6.020
-6.020
-6.020
-6.015
-6.015
-6.000
-5.995
-5.980
-5.965
-5.945
-5.930
-5.910
-5.880
-5.850
-5.820
-5.795
-5.755
-5.720
-5.685
-5.660
-5.625
-5.600
-5.580
-5.565
-5.550
-5.540
-5.535
-5.530
-5.530
-5.530
-5.540
-5.555
-5.570
-5.580
-5.600
-5.625
-5.640
-5.660
-5.670
-5.690
-5.715
-5.730
-5.750
-5.770
-5.785
-5.800
-5.815
-5.825
-5.835
-5.840
-5.850
-5.855
-5.865
-5.875
-5.880
-5.885
-5.890
-5.885
-5.880
-5.895
-5.895
-5.905
-5.915
-5.915
-5.900
-5.890
-5.880
-5.875
-5.870
-5.865
-5.860
-5.850
-5.840
-5.830
-5.820
-5.805
-5.800
-5.795
-5.790
-5.795
-5.800
-5.790
-5.770
-5.745
-5.730
-5.730
-5.730
-5.720
-5.730
-5.735
-5.740
-5.755
-5.775
-5.785
-5.800
-5.825
-5.845
-5.865
-5.880
-5.890
-5.890
-5.895
-5.905
-5.900
-5.895
-5.895
-5.895
-5.900
-5.905
-5.910
-5.910
-5.920
-5.955
-5.945
-5.865
-5.730
-5.575
-5.340
-4.990
-4.600
-4.290
-4.140
-4.100
-4.170
-4.390
-4.730
-5.170
-5.635
-6.015
-6.250
-6.310
-6.300
-6.300
-6.300
-6.270
-6.220
-6.165
-6.120
-6.105
-6.110
-6.105
-6.095
-6.070
-6.055
-6.050
-6.045
-6.040
-6.030
-6.025
-6.020
-6.020
-6.010
-6.000
-6.000
-5.985
-5.970
-5.945
-5.920
-5.895
-5.870
-5.840
-5.810
-5.780
-5.745
-5.715
-5.695
-5.670
-5.640
-5.620
-5.590
-5.575
-5.560
-5.555
-5.545
-5.535
-5.540
-5.545
-5.540
-5.555
-5.570
-5.600
-5.615
-5.630
-5.650
-5.665
-5.685
-5.715
-5.735
-5.755
-5.780
-5.805
-5.820
-5.830
-5.825
-5.825
-5.835
-5.845
-5.855
-5.870
-5.880
-5.885
-5.890
-5.895
-5.885
-5.870
-5.870
-5.870
-5.870
-5.875
-5.875
-5.870
-5.860
-5.850
-5.840
-5.840
-5.845
-5.850
-5.835
-5.825
-5.815
-5.805
-5.795
-5.785
-5.780
-5.785
-5.780
-5.760
-5.720
-5.700
-5.695
-5.710
-5.710
-5.710
-5.715
-5.740
-5.755
-5.770
-5.790
-5.815
-5.835
-5.845
-5.880
-5.890
-5.905
-5.920
-5.910
-5.905
-5.895
-5.900
-5.900
-5.900
-5.900
-5.900
-5.890
-5.885
-5.890
-5.910
-5.915
-5.865
-5.745
-5.600
-5.395
-5.075
-4.670
-4.325
-4.135
-4.075
-4.125
-4.335
-4.680
-5.120
-5.580
-5.980
-6.240
-6.300
-6.290
-6.295
-6.280
-6.260
-6.200
-6.145
-6.105
-6.090
-6.085
-6.085
-6.085
-6.095
-6.095
-6.095
-6.085
-6.080
-6.070
-6.065
-6.070
-6.065
-6.050
-6.035
-6.015
-6.005
-5.990
-5.970
-5.945
-5.920
-5.880
-5.845
-5.805
-5.770
-5.735
-5.710
-5.700
-5.675
-5.640
-5.610
-5.590
-5.580
-5.580
-5.575
-5.565
-5.560
-5.560
-5.565
-5.580
-5.595
-5.615
-5.630
-5.640
-5.660
-5.680
-5.700
-5.715
-5.725
-5.755
-5.780
-5.805
-5.815
-5.815
-5.825
-5.840
-5.850
-5.875
-5.880
-5.885
-5.905
-5.900
-5.900
-5.895
-5.895
-5.910
-5.905
-5.900
-5.905
-5.905
-5.890
-5.880
-5.880
-5.875
-5.860
-5.865
-5.865
-5.865
-5.855
-5.840
-5.830
-5.805
-5.800
-5.785
-5.775
-5.775
-5.780
-5.780
-5.755
-5.740
-5.715
-5.710
-5.720
-5.715
-5.720
-5.730
-5.740
-5.755
-5.775
-5.790
-5.800
-5.810
-5.835
-5.850
-5.880
-5.890
-5.890
-5.890
-5.900
-5.905
-5.900
-5.905
-5.920
-5.915
-5.900
-5.890
-5.890
-5.895
-5.910
-5.905
-5.855
-5.705
-5.565
-5.335
-4.985
-4.595
-4.250
-4.070
-4.010
-4.080
-4.300
-4.640
-5.080
-5.550
-5.955
-6.200
-6.250
-6.240
-6.245
-6.240
-6.210
-6.175
-6.135
-6.110
-6.090
-6.090
-6.070
-6.065
-6.065
-6.070
-6.060
-6.050
-6.055
-6.050
-6.045
-6.035
-6.025
-6.025
-6.030
-6.030
-6.020
-6.000
-5.980
-5.960
-5.935
-5.905
-5.880
-5.845
-5.815
-5.780
-5.750
-5.715
-5.675
-5.635
-5.610
-5.585
-5.565
-5.550
-5.535
-5.525
-5.525
-5.525
-5.535
-5.555
-5.565
-5.575
-5.590
-5.605
-5.625
-5.640
-5.670
-5.695
-5.720
-5.740
-5.755
-5.770
-5.775
-5.785
-5.800
-5.810
-5.820
-5.820
-5.825
-5.840
-5.850
-5.860
-5.860
-5.865
-5.870
-5.875
-5.880
-5.880
-5.880
-5.870
-5.870
-5.875
-5.875
-5.870
-5.865
-5.855
-5.845
-5.840
-5.825
-5.820
-5.810
-5.805
-5.785
-5.770
-5.760
-5.740
-5.740
-5.740
-5.735
-5.730
-5.720
-5.700
-5.680
-5.670
-5.670
-5.675
-5.675
-5.670
-5.685
-5.695
-5.710
-5.730
-5.750
-5.770
-5.785
-5.815
-5.840
-5.860
-5.860
-5.850
-5.855
-5.860
-5.860
-5.870
-5.875
-5.865
-5.860
-5.860
-5.850
-5.850
-5.870
-5.885
-5.865
-5.775
-5.640
-5.480
-5.215
-4.825
-4.425
-4.130
-3.985
-3.955
-4.065
-4.315
-4.680
-5.140
-5.600
-5.975
-6.190
-6.215
-6.200
-6.200
-6.190
-6.155
-6.100
-6.045
-6.030
-6.025
-6.020
-6.015
-6.015
-6.015
-6.015
-6.010
-6.000
-5.995
-5.990
-5.990
-5.990
-5.990
-5.980
-5.975
-5.965
-5.955
-5.935
-5.920
-5.900
-5.880
-5.860
-5.820
-5.790
-5.765
-5.730
-5.695
-5.660
-5.625
-5.600
-5.580
-5.560
-5.535
-5.510
-5.490
-5.480
-5.470
-5.470
-5.465
-5.465
-5.480
-5.490
-5.505
-5.520
-5.530
-5.550
-5.575
-5.600
-5.625
-5.650
-5.670
-5.690
-5.710
-5.715
-5.735
-5.745
-5.760
-5.765
-5.780
-5.790
-5.785
-5.795
-5.800
-5.800
-5.810
-5.815
-5.815
-5.810
-5.805
-5.810
-5.820
-5.820
-5.820
-5.815
-5.810
-5.810
-5.805
-5.800
-5.800
-5.795
-5.790
-5.785
-5.780
-5.770
-5.760
-5.745
-5.730
-5.710
-5.710
-5.700
-5.700
-5.700
-5.695
-5.680
-5.655
-5.640
-5.635
-5.640
-5.645
-5.650
-5.655
-5.655
-5.665
-5.680
-5.700
-5.720
-5.735
-5.760
-5.775
-5.800
-5.820
-5.825
-5.830
-5.830
-5.830
-5.830
-5.835
-5.840
-5.840
-5.835
-5.830
-5.825
-5.830
-5.840
-5.865
-5.845
-5.760
-5.620
-5.460
-5.215
-4.845
-4.445
-4.150
-4.005
-3.980
-4.080
-4.310
-4.675
-5.110
-5.570
-5.955
-6.165
-6.200
-6.190
-6.185
-6.180
-6.140
-6.090
-6.040
-6.010
-6.010
-6.005
-6.000
-6.000
-6.000
-5.995
-5.990
-5.995
-6.000
-6.000
-5.995
-5.990
-5.980
-5.970
-5.965
-5.960
-5.955
-5.940
-5.920
-5.900
-5.880
-5.860
-5.835
-5.800
-5.760
-5.735
-5.700
-5.670
-5.640
-5.610
-5.585
-5.560
-5.540
-5.520
-5.510
-5.485
-5.475
-5.465
-5.465
-5.470
-5.475
-5.490
-5.505
-5.525
-5.545
-5.565
-5.590
-5.610
-5.635
-5.650
-5.675
-5.695
-5.710
-5.730
-5.745
-5.760
-5.775
-5.785
-5.800
-5.810
-5.810
-5.820
-5.825
-5.825
-5.830
-5.840
-5.840
-5.835
-5.835
-5.835
-5.835
-5.830
-5.825
-5.825
-5.815
-5.815
-5.815
-5.810
-5.805
-5.800
-5.790
-5.785
-5.785
-5.780
-5.775
-5.760
-5.745
-5.720
-5.710
-5.700
-5.700
-5.705
-5.700
-5.685
-5.660
-5.640
-5.635
-5.640
-5.640
-5.645
-5.655
-5.660
-5.680
-5.695
-5.705
-5.725
-5.750
-5.770
-5.795
-5.820
-5.840
-5.840
-5.840
-5.840
-5.840
-5.840
-5.840
-5.840
-5.840
-5.835
-5.835
-5.830
-5.835
-5.850
-5.860
-5.825
-5.720
-5.580
-5.420
-5.150
-4.760
-4.370
-4.115
-4.010
-4.010
-4.170
-4.450
-4.840
-5.290
-5.740
-6.055
-6.200
-6.195
-6.195
-6.190
-6.165
-6.115
-6.055
-6.010
-6.000
-5.995
-5.990
-5.990
-5.990
-5.985
-5.985
-5.980
-5.975
-5.970
-5.965
-5.965
-5.965
-5.955
-5.945
-5.935
-5.925
-5.910
-5.890
-5.875
-5.855
-5.835
-5.810
-5.785
-5.750
-5.715
-5.680
-5.650
-5.620
-5.590
-5.560
-5.535
-5.510
-5.490
-5.480
-5.470
-5.465
-5.455
-5.450
-5.450
-5.460
-5.470
-5.485
-5.500
-5.520
-5.540
-5.565
-5.585
-5.610
-5.635
-5.660
-5.680
-5.705
-5.720
-5.745
-5.760
-5.770
-5.780
-5.790
-5.800
-5.805
-5.820
-5.820
-5.830
-5.835
-5.840
-5.840
-5.840
-5.840
-5.840
-5.845
-5.845
-5.840
-5.840
-5.840
-5.840
-5.840
-5.835
-5.830
-5.830
-5.820
-5.820
-5.815
-5.805
-5.800
-5.780
-5.765
-5.760
-5.750
-5.740
-5.740
-5.740
-5.725
-5.710
-5.685
-5.670
-5.670
-5.680
-5.680
-5.680
-5.685
-5.690
-5.700
-5.720
-5.735
-5.750
-5.775
-5.800
-5.820
-5.840
-5.850
-5.860
-5.865
-5.875
-5.880
-5.880
-5.880
-5.875
-5.875
-5.870
-5.870
-5.870
-5.875
-5.895
-5.890
-5.815
-5.690
-5.555
-5.350
-5.015
-4.615
-4.265
-4.075
-4.025
-4.105
-4.345
-4.680
-5.115
-5.575
-5.970
-6.205
-6.265
-6.255
-6.245
-6.235
-6.195
-6.130
-6.075
-6.040
-6.040
-6.035
-6.025
-6.020
-6.010
-6.005
-6.000
-6.000
-5.995
-5.990
-5.985
-5.980
-5.980
-5.980
-5.975
-5.965
-5.960
-5.945
-5.925
-5.905
-5.875
-5.845
-5.815
-5.780
-5.750
-5.720
-5.680
-5.655
-5.625
-5.600
-5.580
-5.555
-5.540
-5.520
-5.505
-5.495
-5.485
-5.480
-5.480
-5.490
-5.500
-5.515
-5.525
-5.540
-5.555
-5.575
-5.595
-5.620
-5.645
-5.670
-5.690
-5.705
-5.725
-5.745
-5.760
-5.775
-5.790
-5.800
-5.810
-5.815
-5.825
-5.830
-5.835
-5.840
-5.840
-5.845
-5.860
-5.860
-5.860
-5.865
-5.865
-5.865
-5.860
-5.850
-5.845
-5.840
-5.840
-5.835
-5.825
-5.820
-5.815
-5.800
-5.795
-5.770
-5.760
-5.760
-5.750
-5.755
-5.750
-5.745
-5.735
-5.710
-5.690
-5.685
-5.690
-5.685
-5.680
-5.675
-5.685
-5.695
-5.715
-5.730
-5.745
-5.765
-5.790
-5.810
-5.835
-5.850
-5.860
-5.860
-5.860
-5.870
-5.875
-5.875
-5.875
-5.870
-5.870
-5.870
-5.875
-5.880
-5.890
-5.915
-5.905
-5.825
-5.690
-5.550
-5.330
-4.980
-4.575
-4.245
-4.070
-4.025
-4.135
-4.385
-4.740
-5.165
-5.615
-6.000
-6.230
-6.280
-6.275
-6.265
-6.270
-6.235
-6.180
-6.120
-6.080
-6.070
-6.060
-6.040
-6.030
-6.020
-6.010
-6.005
-6.000
-5.995
-6.000
-6.000
-5.990
-5.985
-5.985
-5.970
-5.960
-5.945
-5.935
-5.920
-5.895
-5.875
-5.850
-5.820
-5.795
-5.760
-5.730
-5.705
-5.670
-5.645
-5.610
-5.585
-5.565
-5.550
-5.535
-5.520
-5.520
-5.520
-5.515
-5.520
-5.520
-5.530
-5.540
-5.550
-5.565
-5.580
-5.600
-5.620
-5.640
-5.670
-5.690
-5.710
-5.735
-5.755
-5.770
-5.780
-5.790
-5.795
-5.805
-5.815
-5.820
-5.830
-5.835
-5.840
-5.850
-5.850
-5.855
-5.855
-5.860
-5.860
-5.860
-5.860
-5.860
-5.855
-5.855
-5.850
-5.850
-5.850
-5.850
-5.850
-5.845
-5.830
-5.820
-5.800
-5.795
-5.785
-5.785
-5.785
-5.770
-5.750
-5.725
-5.705
-5.700
-5.705
-5.715
-5.720
-5.715
-5.730
-5.740
-5.760
-5.775
-5.790
-5.805
-5.830
-5.850
-5.870
-5.890
-5.895
-5.885
-5.880
-5.880
-5.880
-5.880
-5.880
-5.880
-5.880
-5.880
-5.875
-5.875
-5.890
-5.910
-5.895
-5.800
-5.670
-5.525
-5.280
-4.905
-4.510
-4.220
-4.085
-4.075
-4.230
-4.500
-4.880
-5.315
-5.760
-6.090
-6.280
-6.295
-6.280
-6.280
-6.265
-6.215
-6.155
-6.095
-6.065
-6.065
-6.060
-6.055
-6.050
-6.040
-6.035
-6.035
-6.035
-6.025
-6.020
-6.020
-6.010
-5.995
-5.990
-5.975
-5.955
-5.930
-5.920
-5.910
-5.895
-5.880
-5.840
-5.800
-5.765
-5.735
-5.705
-5.670
-5.640
-5.610
-5.580
-5.560
-5.540
-5.520
-5.515
-5.500
-5.495
-5.490
-5.495
-5.500
-5.515
-5.525
-5.540
-5.555
-5.570
-5.585
-5.605
-5.625
-5.645
-5.665
-5.685
-5.705
-5.725
-5.745
-5.760
-5.775
-5.790
-5.800
-5.815
-5.825
-5.830
-5.840
-5.840
-5.845
-5.850
-5.850
-5.850
-5.845
-5.840
-5.835
-5.830
-5.825
-5.820
-5.815
-5.805
-5.805
-5.800
-5.790
-5.780
-5.760
-5.745
-5.740
-5.735
-5.740
-5.740
-5.735
-5.720
-5.695
-5.680
-5.665
-5.670
-5.680
-5.685
-5.680
-5.690
-5.705
-5.720
-5.740
-5.760
-5.765
-5.795
-5.810
-5.840
-5.860
-5.870
-5.875
-5.875
-5.875
-5.880
-5.885
-5.885
-5.875
-5.870
-5.875
-5.890
-5.875
-5.890
-5.910
-5.890
-5.795
-5.660
-5.520
-5.315
-4.980
-4.585
-4.255
-4.080
-4.040
-4.140
-4.385
-4.730
-5.160
-5.615
-5.995
-6.220
-6.270
-6.255
-6.250
-6.245
-6.205
-6.150
-6.090
-6.055
-6.055
-6.055
-6.045
-6.040
-6.025
-6.020
-6.010
-6.000
-5.995
-5.985
-5.985
-5.975
-5.965
-5.960
-5.950
-5.935
-5.930
-5.910
-5.895
-5.880
-5.860
-5.830
-5.800
-5.775
-5.745
-5.710
-5.680
-5.655
-5.625
-5.590
-5.560
-5.540
-5.525
-5.510
-5.500
-5.485
-5.490
-5.490
-5.490
-5.495
-5.510
-5.525
-5.540
-5.555
-5.570
-5.590
-5.605
-5.625
-5.650
-5.670
-5.695
-5.720
-5.740
-5.765
-5.785
-5.800
-5.815
-5.825
-5.830
-5.835
-5.840
-5.840
-5.845
-5.850
-5.850
-5.850
-5.855
-5.855
-5.855
-5.850
-5.845
-5.840
-5.835
-5.830
-5.825
-5.815
-5.800
-5.780
-5.775
-5.770
-5.760
-5.755
-5.740
-5.730
-5.705
-5.685
-5.665
-5.660
-5.670
-5.670
-5.665
-5.670
-5.680
-5.695
-5.715
-5.735
-5.755
-5.775
-5.795
